# column 1 = time
# column 2 = pressure
# column 3 = temperature
# column 4 = density
# columns 5-6 = phase fractions
# columns 7-8 = phase densities
# columns 9-10 = phase viscosities
 0.0000e+00  2.0000e+07  3.5300e+02  9.8065e+02  0.0000e+00  1.0000e+00  5.9471e+02  9.8065e+02  4.6091e-05  3.5474e-04 
 1.0000e-02  2.0100e+07  3.5300e+02  9.8069e+02  0.0000e+00  1.0000e+00  5.9724e+02  9.8069e+02  4.6332e-05  3.5474e-04 
 2.0000e-02  2.0200e+07  3.5300e+02  9.8073e+02  0.0000e+00  1.0000e+00  5.9948e+02  9.8073e+02  4.6557e-05  3.5474e-04 
 3.0000e-02  2.0300e+07  3.5300e+02  9.8078e+02  0.0000e+00  1.0000e+00  6.0171e+02  9.8078e+02  4.6781e-05  3.5474e-04 
 4.0000e-02  2.0400e+07  3.5300e+02  9.8082e+02  0.0000e+00  1.0000e+00  6.0395e+02  9.8082e+02  4.7006e-05  3.5474e-04 
 5.0000e-02  2.0500e+07  3.5300e+02  9.8087e+02  0.0000e+00  1.0000e+00  6.0618e+02  9.8087e+02  4.7230e-05  3.5474e-04 
 6.0000e-02  2.0600e+07  3.5300e+02  9.8091e+02  0.0000e+00  1.0000e+00  6.0842e+02  9.8091e+02  4.7455e-05  3.5474e-04 
 7.0000e-02  2.0700e+07  3.5300e+02  9.8095e+02  0.0000e+00  1.0000e+00  6.1065e+02  9.8095e+02  4.7680e-05  3.5474e-04 
 8.0000e-02  2.0800e+07  3.5300e+02  9.8100e+02  0.0000e+00  1.0000e+00  6.1289e+02  9.8100e+02  4.7904e-05  3.5474e-04 
 9.0000e-02  2.0900e+07  3.5300e+02  9.8104e+02  0.0000e+00  1.0000e+00  6.1512e+02  9.8104e+02  4.8129e-05  3.5474e-04 
 1.0000e-01  2.1000e+07  3.5300e+02  9.8109e+02  0.0000e+00  1.0000e+00  6.1736e+02  9.8109e+02  4.8353e-05  3.5474e-04 
 1.1000e-01  2.1100e+07  3.5300e+02  9.8113e+02  0.0000e+00  1.0000e+00  6.1959e+02  9.8113e+02  4.8578e-05  3.5474e-04 
 1.2000e-01  2.1200e+07  3.5300e+02  9.8117e+02  0.0000e+00  1.0000e+00  6.2158e+02  9.8117e+02  4.8788e-05  3.5474e-04 
 1.3000e-01  2.1300e+07  3.5300e+02  9.8122e+02  0.0000e+00  1.0000e+00  6.2358e+02  9.8122e+02  4.8998e-05  3.5474e-04 
 1.4000e-01  2.1400e+07  3.5300e+02  9.8126e+02  0.0000e+00  1.0000e+00  6.2557e+02  9.8126e+02  4.9209e-05  3.5474e-04 
 1.5000e-01  2.1500e+07  3.5300e+02  9.8131e+02  0.0000e+00  1.0000e+00  6.2756e+02  9.8131e+02  4.9419e-05  3.5474e-04 
 1.6000e-01  2.1600e+07  3.5300e+02  9.8135e+02  0.0000e+00  1.0000e+00  6.2955e+02  9.8135e+02  4.9629e-05  3.5474e-04 
 1.7000e-01  2.1700e+07  3.5300e+02  9.8140e+02  0.0000e+00  1.0000e+00  6.3154e+02  9.8140e+02  4.9839e-05  3.5474e-04 
 1.8000e-01  2.1800e+07  3.5300e+02  9.8144e+02  0.0000e+00  1.0000e+00  6.3353e+02  9.8144e+02  5.0050e-05  3.5474e-04 
 1.9000e-01  2.1900e+07  3.5300e+02  9.8148e+02  0.0000e+00  1.0000e+00  6.3553e+02  9.8148e+02  5.0260e-05  3.5474e-04 
 2.0000e-01  2.2000e+07  3.5300e+02  9.8153e+02  0.0000e+00  1.0000e+00  6.3752e+02  9.8153e+02  5.0470e-05  3.5474e-04 
 2.1000e-01  2.2100e+07  3.5300e+02  9.8157e+02  0.0000e+00  1.0000e+00  6.3951e+02  9.8157e+02  5.0680e-05  3.5474e-04 
 2.2000e-01  2.2200e+07  3.5300e+02  9.8162e+02  0.0000e+00  1.0000e+00  6.4130e+02  9.8162e+02  5.0878e-05  3.5474e-04 
 2.3000e-01  2.2300e+07  3.5300e+02  9.8166e+02  0.0000e+00  1.0000e+00  6.4309e+02  9.8166e+02  5.1076e-05  3.5474e-04 
 2.4000e-01  2.2400e+07  3.5300e+02  9.8170e+02  0.0000e+00  1.0000e+00  6.4488e+02  9.8170e+02  5.1273e-05  3.5474e-04 
 2.5000e-01  2.2500e+07  3.5300e+02  9.8175e+02  0.0000e+00  1.0000e+00  6.4667e+02  9.8175e+02  5.1471e-05  3.5474e-04 
 2.6000e-01  2.2600e+07  3.5300e+02  9.8179e+02  0.0000e+00  1.0000e+00  6.4846e+02  9.8179e+02  5.1668e-05  3.5474e-04 
 2.7000e-01  2.2700e+07  3.5300e+02  9.8184e+02  0.0000e+00  1.0000e+00  6.5025e+02  9.8184e+02  5.1866e-05  3.5474e-04 
 2.8000e-01  2.2800e+07  3.5300e+02  9.8188e+02  0.0000e+00  1.0000e+00  6.5204e+02  9.8188e+02  5.2063e-05  3.5474e-04 
 2.9000e-01  2.2900e+07  3.5300e+02  9.8193e+02  0.0000e+00  1.0000e+00  6.5383e+02  9.8193e+02  5.2261e-05  3.5474e-04 
 3.0000e-01  2.3000e+07  3.5300e+02  9.8197e+02  0.0000e+00  1.0000e+00  6.5562e+02  9.8197e+02  5.2459e-05  3.5474e-04 
 3.1000e-01  2.3100e+07  3.5300e+02  9.8201e+02  0.0000e+00  1.0000e+00  6.5741e+02  9.8201e+02  5.2656e-05  3.5474e-04 
 3.2000e-01  2.3200e+07  3.5300e+02  9.8206e+02  0.0000e+00  1.0000e+00  6.5903e+02  9.8206e+02  5.2843e-05  3.5474e-04 
 3.3000e-01  2.3300e+07  3.5300e+02  9.8210e+02  0.0000e+00  1.0000e+00  6.6065e+02  9.8210e+02  5.3029e-05  3.5474e-04 
 3.4000e-01  2.3400e+07  3.5300e+02  9.8215e+02  0.0000e+00  1.0000e+00  6.6227e+02  9.8215e+02  5.3216e-05  3.5474e-04 
 3.5000e-01  2.3500e+07  3.5300e+02  9.8219e+02  0.0000e+00  1.0000e+00  6.6389e+02  9.8219e+02  5.3402e-05  3.5474e-04 
 3.6000e-01  2.3600e+07  3.5300e+02  9.8224e+02  0.0000e+00  1.0000e+00  6.6551e+02  9.8224e+02  5.3589e-05  3.5474e-04 
 3.7000e-01  2.3700e+07  3.5300e+02  9.8228e+02  0.0000e+00  1.0000e+00  6.6713e+02  9.8228e+02  5.3776e-05  3.5474e-04 
 3.8000e-01  2.3800e+07  3.5300e+02  9.8232e+02  0.0000e+00  1.0000e+00  6.6875e+02  9.8232e+02  5.3962e-05  3.5474e-04 
 3.9000e-01  2.3900e+07  3.5300e+02  9.8237e+02  0.0000e+00  1.0000e+00  6.7037e+02  9.8237e+02  5.4149e-05  3.5474e-04 
 4.0000e-01  2.4000e+07  3.5300e+02  9.8241e+02  0.0000e+00  1.0000e+00  6.7200e+02  9.8241e+02  5.4335e-05  3.5474e-04 
 4.1000e-01  2.4100e+07  3.5300e+02  9.8246e+02  0.0000e+00  1.0000e+00  6.7362e+02  9.8246e+02  5.4522e-05  3.5474e-04 
 4.2000e-01  2.4200e+07  3.5300e+02  9.8250e+02  0.0000e+00  1.0000e+00  6.7510e+02  9.8250e+02  5.4699e-05  3.5474e-04 
 4.3000e-01  2.4300e+07  3.5300e+02  9.8254e+02  0.0000e+00  1.0000e+00  6.7657e+02  9.8254e+02  5.4875e-05  3.5474e-04 
 4.4000e-01  2.4400e+07  3.5300e+02  9.8259e+02  0.0000e+00  1.0000e+00  6.7805e+02  9.8259e+02  5.5052e-05  3.5474e-04 
 4.5000e-01  2.4500e+07  3.5300e+02  9.8263e+02  0.0000e+00  1.0000e+00  6.7953e+02  9.8263e+02  5.5229e-05  3.5474e-04 
 4.6000e-01  2.4600e+07  3.5300e+02  9.8268e+02  0.0000e+00  1.0000e+00  6.8101e+02  9.8268e+02  5.5406e-05  3.5474e-04 
 4.7000e-01  2.4700e+07  3.5300e+02  9.8272e+02  0.0000e+00  1.0000e+00  6.8249e+02  9.8272e+02  5.5583e-05  3.5474e-04 
 4.8000e-01  2.4800e+07  3.5300e+02  9.8277e+02  0.0000e+00  1.0000e+00  6.8397e+02  9.8277e+02  5.5760e-05  3.5474e-04 
 4.9000e-01  2.4900e+07  3.5300e+02  9.8281e+02  0.0000e+00  1.0000e+00  6.8545e+02  9.8281e+02  5.5937e-05  3.5474e-04 
 5.0000e-01  2.5000e+07  3.5300e+02  9.8285e+02  0.0000e+00  1.0000e+00  6.8693e+02  9.8285e+02  5.6114e-05  3.5474e-04 
 5.1000e-01  2.5100e+07  3.5300e+02  9.8290e+02  0.0000e+00  1.0000e+00  6.8841e+02  9.8290e+02  5.6291e-05  3.5474e-04 
 5.2000e-01  2.5200e+07  3.5300e+02  9.8294e+02  0.0000e+00  1.0000e+00  6.8976e+02  9.8294e+02  5.6459e-05  3.5474e-04 
 5.3000e-01  2.5300e+07  3.5300e+02  9.8299e+02  0.0000e+00  1.0000e+00  6.9112e+02  9.8299e+02  5.6627e-05  3.5474e-04 
 5.4000e-01  2.5400e+07  3.5300e+02  9.8303e+02  0.0000e+00  1.0000e+00  6.9248e+02  9.8303e+02  5.6796e-05  3.5474e-04 
 5.5000e-01  2.5500e+07  3.5300e+02  9.8308e+02  0.0000e+00  1.0000e+00  6.9384e+02  9.8308e+02  5.6964e-05  3.5474e-04 
 5.6000e-01  2.5600e+07  3.5300e+02  9.8312e+02  0.0000e+00  1.0000e+00  6.9520e+02  9.8312e+02  5.7133e-05  3.5474e-04 
 5.7000e-01  2.5700e+07  3.5300e+02  9.8316e+02  0.0000e+00  1.0000e+00  6.9655e+02  9.8316e+02  5.7301e-05  3.5474e-04 
 5.8000e-01  2.5800e+07  3.5300e+02  9.8321e+02  0.0000e+00  1.0000e+00  6.9791e+02  9.8321e+02  5.7469e-05  3.5474e-04 
 5.9000e-01  2.5900e+07  3.5300e+02  9.8325e+02  0.0000e+00  1.0000e+00  6.9927e+02  9.8325e+02  5.7638e-05  3.5474e-04 
 6.0000e-01  2.6000e+07  3.5300e+02  9.8330e+02  0.0000e+00  1.0000e+00  7.0063e+02  9.8330e+02  5.7806e-05  3.5474e-04 
 6.1000e-01  2.6100e+07  3.5300e+02  9.8334e+02  0.0000e+00  1.0000e+00  7.0199e+02  9.8334e+02  5.7975e-05  3.5474e-04 
 6.2000e-01  2.6200e+07  3.5300e+02  9.8338e+02  0.0000e+00  1.0000e+00  7.0324e+02  9.8338e+02  5.8136e-05  3.5474e-04 
 6.3000e-01  2.6300e+07  3.5300e+02  9.8343e+02  0.0000e+00  1.0000e+00  7.0450e+02  9.8343e+02  5.8297e-05  3.5474e-04 
 6.4000e-01  2.6400e+07  3.5300e+02  9.8347e+02  0.0000e+00  1.0000e+00  7.0575e+02  9.8347e+02  5.8458e-05  3.5474e-04 
 6.5000e-01  2.6500e+07  3.5300e+02  9.8352e+02  0.0000e+00  1.0000e+00  7.0700e+02  9.8352e+02  5.8619e-05  3.5474e-04 
 6.6000e-01  2.6600e+07  3.5300e+02  9.8356e+02  0.0000e+00  1.0000e+00  7.0826e+02  9.8356e+02  5.8779e-05  3.5474e-04 
 6.7000e-01  2.6700e+07  3.5300e+02  9.8361e+02  0.0000e+00  1.0000e+00  7.0951e+02  9.8361e+02  5.8940e-05  3.5474e-04 
 6.8000e-01  2.6800e+07  3.5300e+02  9.8365e+02  0.0000e+00  1.0000e+00  7.1077e+02  9.8365e+02  5.9101e-05  3.5474e-04 
 6.9000e-01  2.6900e+07  3.5300e+02  9.8369e+02  0.0000e+00  1.0000e+00  7.1202e+02  9.8369e+02  5.9262e-05  3.5474e-04 
 7.0000e-01  2.7000e+07  3.5300e+02  9.8374e+02  0.0000e+00  1.0000e+00  7.1328e+02  9.8374e+02  5.9423e-05  3.5474e-04 
 7.1000e-01  2.7100e+07  3.5300e+02  9.8378e+02  0.0000e+00  1.0000e+00  7.1453e+02  9.8378e+02  5.9584e-05  3.5474e-04 
 7.2000e-01  2.7200e+07  3.5300e+02  9.8383e+02  0.0000e+00  1.0000e+00  7.1570e+02  9.8383e+02  5.9739e-05  3.5474e-04 
 7.3000e-01  2.7300e+07  3.5300e+02  9.8387e+02  0.0000e+00  1.0000e+00  7.1686e+02  9.8387e+02  5.9893e-05  3.5474e-04 
 7.4000e-01  2.7400e+07  3.5300e+02  9.8392e+02  0.0000e+00  1.0000e+00  7.1803e+02  9.8392e+02  6.0047e-05  3.5474e-04 
 7.5000e-01  2.7500e+07  3.5300e+02  9.8396e+02  0.0000e+00  1.0000e+00  7.1919e+02  9.8396e+02  6.0202e-05  3.5474e-04 
 7.6000e-01  2.7600e+07  3.5300e+02  9.8400e+02  0.0000e+00  1.0000e+00  7.2036e+02  9.8400e+02  6.0356e-05  3.5474e-04 
 7.7000e-01  2.7700e+07  3.5300e+02  9.8405e+02  0.0000e+00  1.0000e+00  7.2152e+02  9.8405e+02  6.0510e-05  3.5474e-04 
 7.8000e-01  2.7800e+07  3.5300e+02  9.8409e+02  0.0000e+00  1.0000e+00  7.2269e+02  9.8409e+02  6.0665e-05  3.5474e-04 
 7.9000e-01  2.7900e+07  3.5300e+02  9.8414e+02  0.0000e+00  1.0000e+00  7.2385e+02  9.8414e+02  6.0819e-05  3.5474e-04 
 8.0000e-01  2.8000e+07  3.5300e+02  9.8418e+02  0.0000e+00  1.0000e+00  7.2502e+02  9.8418e+02  6.0973e-05  3.5474e-04 
 8.1000e-01  2.8100e+07  3.5300e+02  9.8423e+02  0.0000e+00  1.0000e+00  7.2618e+02  9.8423e+02  6.1128e-05  3.5474e-04 
 8.2000e-01  2.8200e+07  3.5300e+02  9.8427e+02  0.0000e+00  1.0000e+00  7.2727e+02  9.8427e+02  6.1276e-05  3.5474e-04 
 8.3000e-01  2.8300e+07  3.5300e+02  9.8431e+02  0.0000e+00  1.0000e+00  7.2835e+02  9.8431e+02  6.1424e-05  3.5474e-04 
 8.4000e-01  2.8400e+07  3.5300e+02  9.8436e+02  0.0000e+00  1.0000e+00  7.2944e+02  9.8436e+02  6.1573e-05  3.5474e-04 
 8.5000e-01  2.8500e+07  3.5300e+02  9.8440e+02  0.0000e+00  1.0000e+00  7.3053e+02  9.8440e+02  6.1721e-05  3.5474e-04 
 8.6000e-01  2.8600e+07  3.5300e+02  9.8445e+02  0.0000e+00  1.0000e+00  7.3161e+02  9.8445e+02  6.1870e-05  3.5474e-04 
 8.7000e-01  2.8700e+07  3.5300e+02  9.8449e+02  0.0000e+00  1.0000e+00  7.3270e+02  9.8449e+02  6.2018e-05  3.5474e-04 
 8.8000e-01  2.8800e+07  3.5300e+02  9.8454e+02  0.0000e+00  1.0000e+00  7.3379e+02  9.8454e+02  6.2167e-05  3.5474e-04 
 8.9000e-01  2.8900e+07  3.5300e+02  9.8458e+02  0.0000e+00  1.0000e+00  7.3487e+02  9.8458e+02  6.2315e-05  3.5474e-04 
 9.0000e-01  2.9000e+07  3.5300e+02  9.8462e+02  0.0000e+00  1.0000e+00  7.3596e+02  9.8462e+02  6.2464e-05  3.5474e-04 
 9.1000e-01  2.9100e+07  3.5300e+02  9.8467e+02  0.0000e+00  1.0000e+00  7.3705e+02  9.8467e+02  6.2612e-05  3.5474e-04 
 9.2000e-01  2.9200e+07  3.5300e+02  9.8471e+02  0.0000e+00  1.0000e+00  7.3807e+02  9.8471e+02  6.2755e-05  3.5474e-04 
 9.3000e-01  2.9300e+07  3.5300e+02  9.8476e+02  0.0000e+00  1.0000e+00  7.3909e+02  9.8476e+02  6.2899e-05  3.5474e-04 
 9.4000e-01  2.9400e+07  3.5300e+02  9.8480e+02  0.0000e+00  1.0000e+00  7.4010e+02  9.8480e+02  6.3042e-05  3.5474e-04 
 9.5000e-01  2.9500e+07  3.5300e+02  9.8485e+02  0.0000e+00  1.0000e+00  7.4112e+02  9.8485e+02  6.3185e-05  3.5474e-04 
 9.6000e-01  2.9600e+07  3.5300e+02  9.8489e+02  0.0000e+00  1.0000e+00  7.4214e+02  9.8489e+02  6.3328e-05  3.5474e-04 
 9.7000e-01  2.9700e+07  3.5300e+02  9.8494e+02  0.0000e+00  1.0000e+00  7.4316e+02  9.8494e+02  6.3471e-05  3.5474e-04 
 9.8000e-01  2.9800e+07  3.5300e+02  9.8498e+02  0.0000e+00  1.0000e+00  7.4418e+02  9.8498e+02  6.3615e-05  3.5474e-04 
 9.9000e-01  2.9900e+07  3.5300e+02  9.8502e+02  0.0000e+00  1.0000e+00  7.4520e+02  9.8502e+02  6.3758e-05  3.5474e-04 
 1.0000e+00  3.0000e+07  3.5300e+02  9.8507e+02  0.0000e+00  1.0000e+00  7.4621e+02  9.8507e+02  6.3901e-05  3.5474e-04 
