# column 1 = time
# column 2 = pressure
# column 3 = temperature
# column 4 = density
# columns 5-6 = phase fractions
# columns 7-8 = phase densities
# columns 9-10 = phase viscosities
 0.0000e+00  2.0000e+07  3.1300e+02  1.0013e+03  0.0000e+00  1.0000e+00  8.4056e+02  1.0013e+03  7.8473e-05  6.5487e-04 
 1.0000e-02  2.0100e+07  3.1300e+02  1.0013e+03  0.0000e+00  1.0000e+00  8.4153e+02  1.0013e+03  7.8658e-05  6.5487e-04 
 2.0000e-02  2.0200e+07  3.1300e+02  1.0014e+03  0.0000e+00  1.0000e+00  8.4242e+02  1.0014e+03  7.8836e-05  6.5487e-04 
 3.0000e-02  2.0300e+07  3.1300e+02  1.0014e+03  0.0000e+00  1.0000e+00  8.4331e+02  1.0014e+03  7.9014e-05  6.5487e-04 
 4.0000e-02  2.0400e+07  3.1300e+02  1.0014e+03  0.0000e+00  1.0000e+00  8.4420e+02  1.0014e+03  7.9191e-05  6.5487e-04 
 5.0000e-02  2.0500e+07  3.1300e+02  1.0015e+03  0.0000e+00  1.0000e+00  8.4509e+02  1.0015e+03  7.9369e-05  6.5487e-04 
 6.0000e-02  2.0600e+07  3.1300e+02  1.0015e+03  0.0000e+00  1.0000e+00  8.4598e+02  1.0015e+03  7.9547e-05  6.5487e-04 
 7.0000e-02  2.0700e+07  3.1300e+02  1.0016e+03  0.0000e+00  1.0000e+00  8.4687e+02  1.0016e+03  7.9724e-05  6.5487e-04 
 8.0000e-02  2.0800e+07  3.1300e+02  1.0016e+03  0.0000e+00  1.0000e+00  8.4776e+02  1.0016e+03  7.9902e-05  6.5487e-04 
 9.0000e-02  2.0900e+07  3.1300e+02  1.0017e+03  0.0000e+00  1.0000e+00  8.4865e+02  1.0017e+03  8.0080e-05  6.5487e-04 
 1.0000e-01  2.1000e+07  3.1300e+02  1.0017e+03  0.0000e+00  1.0000e+00  8.4954e+02  1.0017e+03  8.0257e-05  6.5487e-04 
 1.1000e-01  2.1100e+07  3.1300e+02  1.0018e+03  0.0000e+00  1.0000e+00  8.5043e+02  1.0018e+03  8.0435e-05  6.5487e-04 
 1.2000e-01  2.1200e+07  3.1300e+02  1.0018e+03  0.0000e+00  1.0000e+00  8.5126e+02  1.0018e+03  8.0606e-05  6.5487e-04 
 1.3000e-01  2.1300e+07  3.1300e+02  1.0019e+03  0.0000e+00  1.0000e+00  8.5209e+02  1.0019e+03  8.0776e-05  6.5487e-04 
 1.4000e-01  2.1400e+07  3.1300e+02  1.0019e+03  0.0000e+00  1.0000e+00  8.5292e+02  1.0019e+03  8.0947e-05  6.5487e-04 
 1.5000e-01  2.1500e+07  3.1300e+02  1.0019e+03  0.0000e+00  1.0000e+00  8.5375e+02  1.0019e+03  8.1118e-05  6.5487e-04 
 1.6000e-01  2.1600e+07  3.1300e+02  1.0020e+03  0.0000e+00  1.0000e+00  8.5458e+02  1.0020e+03  8.1289e-05  6.5487e-04 
 1.7000e-01  2.1700e+07  3.1300e+02  1.0020e+03  0.0000e+00  1.0000e+00  8.5541e+02  1.0020e+03  8.1459e-05  6.5487e-04 
 1.8000e-01  2.1800e+07  3.1300e+02  1.0021e+03  0.0000e+00  1.0000e+00  8.5624e+02  1.0021e+03  8.1630e-05  6.5487e-04 
 1.9000e-01  2.1900e+07  3.1300e+02  1.0021e+03  0.0000e+00  1.0000e+00  8.5707e+02  1.0021e+03  8.1801e-05  6.5487e-04 
 2.0000e-01  2.2000e+07  3.1300e+02  1.0022e+03  0.0000e+00  1.0000e+00  8.5790e+02  1.0022e+03  8.1971e-05  6.5487e-04 
 2.1000e-01  2.2100e+07  3.1300e+02  1.0022e+03  0.0000e+00  1.0000e+00  8.5873e+02  1.0022e+03  8.2142e-05  6.5487e-04 
 2.2000e-01  2.2200e+07  3.1300e+02  1.0023e+03  0.0000e+00  1.0000e+00  8.5951e+02  1.0023e+03  8.2307e-05  6.5487e-04 
 2.3000e-01  2.2300e+07  3.1300e+02  1.0023e+03  0.0000e+00  1.0000e+00  8.6029e+02  1.0023e+03  8.2471e-05  6.5487e-04 
 2.4000e-01  2.2400e+07  3.1300e+02  1.0024e+03  0.0000e+00  1.0000e+00  8.6107e+02  1.0024e+03  8.2636e-05  6.5487e-04 
 2.5000e-01  2.2500e+07  3.1300e+02  1.0024e+03  0.0000e+00  1.0000e+00  8.6185e+02  1.0024e+03  8.2801e-05  6.5487e-04 
 2.6000e-01  2.2600e+07  3.1300e+02  1.0024e+03  0.0000e+00  1.0000e+00  8.6263e+02  1.0024e+03  8.2965e-05  6.5487e-04 
 2.7000e-01  2.2700e+07  3.1300e+02  1.0025e+03  0.0000e+00  1.0000e+00  8.6341e+02  1.0025e+03  8.3130e-05  6.5487e-04 
 2.8000e-01  2.2800e+07  3.1300e+02  1.0025e+03  0.0000e+00  1.0000e+00  8.6419e+02  1.0025e+03  8.3295e-05  6.5487e-04 
 2.9000e-01  2.2900e+07  3.1300e+02  1.0026e+03  0.0000e+00  1.0000e+00  8.6497e+02  1.0026e+03  8.3459e-05  6.5487e-04 
 3.0000e-01  2.3000e+07  3.1300e+02  1.0026e+03  0.0000e+00  1.0000e+00  8.6575e+02  1.0026e+03  8.3624e-05  6.5487e-04 
 3.1000e-01  2.3100e+07  3.1300e+02  1.0027e+03  0.0000e+00  1.0000e+00  8.6653e+02  1.0027e+03  8.3789e-05  6.5487e-04 
 3.2000e-01  2.3200e+07  3.1300e+02  1.0027e+03  0.0000e+00  1.0000e+00  8.6726e+02  1.0027e+03  8.3948e-05  6.5487e-04 
 3.3000e-01  2.3300e+07  3.1300e+02  1.0028e+03  0.0000e+00  1.0000e+00  8.6799e+02  1.0028e+03  8.4107e-05  6.5487e-04 
 3.4000e-01  2.3400e+07  3.1300e+02  1.0028e+03  0.0000e+00  1.0000e+00  8.6873e+02  1.0028e+03  8.4267e-05  6.5487e-04 
 3.5000e-01  2.3500e+07  3.1300e+02  1.0028e+03  0.0000e+00  1.0000e+00  8.6946e+02  1.0028e+03  8.4426e-05  6.5487e-04 
 3.6000e-01  2.3600e+07  3.1300e+02  1.0029e+03  0.0000e+00  1.0000e+00  8.7020e+02  1.0029e+03  8.4585e-05  6.5487e-04 
 3.7000e-01  2.3700e+07  3.1300e+02  1.0029e+03  0.0000e+00  1.0000e+00  8.7093e+02  1.0029e+03  8.4745e-05  6.5487e-04 
 3.8000e-01  2.3800e+07  3.1300e+02  1.0030e+03  0.0000e+00  1.0000e+00  8.7167e+02  1.0030e+03  8.4904e-05  6.5487e-04 
 3.9000e-01  2.3900e+07  3.1300e+02  1.0030e+03  0.0000e+00  1.0000e+00  8.7240e+02  1.0030e+03  8.5063e-05  6.5487e-04 
 4.0000e-01  2.4000e+07  3.1300e+02  1.0031e+03  0.0000e+00  1.0000e+00  8.7314e+02  1.0031e+03  8.5223e-05  6.5487e-04 
 4.1000e-01  2.4100e+07  3.1300e+02  1.0031e+03  0.0000e+00  1.0000e+00  8.7387e+02  1.0031e+03  8.5382e-05  6.5487e-04 
 4.2000e-01  2.4200e+07  3.1300e+02  1.0032e+03  0.0000e+00  1.0000e+00  8.7457e+02  1.0032e+03  8.5537e-05  6.5487e-04 
 4.3000e-01  2.4300e+07  3.1300e+02  1.0032e+03  0.0000e+00  1.0000e+00  8.7526e+02  1.0032e+03  8.5692e-05  6.5487e-04 
 4.4000e-01  2.4400e+07  3.1300e+02  1.0033e+03  0.0000e+00  1.0000e+00  8.7596e+02  1.0033e+03  8.5846e-05  6.5487e-04 
 4.5000e-01  2.4500e+07  3.1300e+02  1.0033e+03  0.0000e+00  1.0000e+00  8.7665e+02  1.0033e+03  8.6001e-05  6.5487e-04 
 4.6000e-01  2.4600e+07  3.1300e+02  1.0033e+03  0.0000e+00  1.0000e+00  8.7735e+02  1.0033e+03  8.6156e-05  6.5487e-04 
 4.7000e-01  2.4700e+07  3.1300e+02  1.0034e+03  0.0000e+00  1.0000e+00  8.7804e+02  1.0034e+03  8.6310e-05  6.5487e-04 
 4.8000e-01  2.4800e+07  3.1300e+02  1.0034e+03  0.0000e+00  1.0000e+00  8.7874e+02  1.0034e+03  8.6465e-05  6.5487e-04 
 4.9000e-01  2.4900e+07  3.1300e+02  1.0035e+03  0.0000e+00  1.0000e+00  8.7943e+02  1.0035e+03  8.6620e-05  6.5487e-04 
 5.0000e-01  2.5000e+07  3.1300e+02  1.0035e+03  0.0000e+00  1.0000e+00  8.8013e+02  1.0035e+03  8.6774e-05  6.5487e-04 
 5.1000e-01  2.5100e+07  3.1300e+02  1.0036e+03  0.0000e+00  1.0000e+00  8.8082e+02  1.0036e+03  8.6929e-05  6.5487e-04 
 5.2000e-01  2.5200e+07  3.1300e+02  1.0036e+03  0.0000e+00  1.0000e+00  8.8148e+02  1.0036e+03  8.7080e-05  6.5487e-04 
 5.3000e-01  2.5300e+07  3.1300e+02  1.0037e+03  0.0000e+00  1.0000e+00  8.8214e+02  1.0037e+03  8.7230e-05  6.5487e-04 
 5.4000e-01  2.5400e+07  3.1300e+02  1.0037e+03  0.0000e+00  1.0000e+00  8.8280e+02  1.0037e+03  8.7381e-05  6.5487e-04 
 5.5000e-01  2.5500e+07  3.1300e+02  1.0037e+03  0.0000e+00  1.0000e+00  8.8346e+02  1.0037e+03  8.7531e-05  6.5487e-04 
 5.6000e-01  2.5600e+07  3.1300e+02  1.0038e+03  0.0000e+00  1.0000e+00  8.8412e+02  1.0038e+03  8.7682e-05  6.5487e-04 
 5.7000e-01  2.5700e+07  3.1300e+02  1.0038e+03  0.0000e+00  1.0000e+00  8.8478e+02  1.0038e+03  8.7832e-05  6.5487e-04 
 5.8000e-01  2.5800e+07  3.1300e+02  1.0039e+03  0.0000e+00  1.0000e+00  8.8544e+02  1.0039e+03  8.7983e-05  6.5487e-04 
 5.9000e-01  2.5900e+07  3.1300e+02  1.0039e+03  0.0000e+00  1.0000e+00  8.8610e+02  1.0039e+03  8.8133e-05  6.5487e-04 
 6.0000e-01  2.6000e+07  3.1300e+02  1.0040e+03  0.0000e+00  1.0000e+00  8.8676e+02  1.0040e+03  8.8284e-05  6.5487e-04 
 6.1000e-01  2.6100e+07  3.1300e+02  1.0040e+03  0.0000e+00  1.0000e+00  8.8742e+02  1.0040e+03  8.8434e-05  6.5487e-04 
 6.2000e-01  2.6200e+07  3.1300e+02  1.0041e+03  0.0000e+00  1.0000e+00  8.8805e+02  1.0041e+03  8.8581e-05  6.5487e-04 
 6.3000e-01  2.6300e+07  3.1300e+02  1.0041e+03  0.0000e+00  1.0000e+00  8.8868e+02  1.0041e+03  8.8728e-05  6.5487e-04 
 6.4000e-01  2.6400e+07  3.1300e+02  1.0042e+03  0.0000e+00  1.0000e+00  8.8931e+02  1.0042e+03  8.8875e-05  6.5487e-04 
 6.5000e-01  2.6500e+07  3.1300e+02  1.0042e+03  0.0000e+00  1.0000e+00  8.8994e+02  1.0042e+03  8.9022e-05  6.5487e-04 
 6.6000e-01  2.6600e+07  3.1300e+02  1.0042e+03  0.0000e+00  1.0000e+00  8.9057e+02  1.0042e+03  8.9168e-05  6.5487e-04 
 6.7000e-01  2.6700e+07  3.1300e+02  1.0043e+03  0.0000e+00  1.0000e+00  8.9120e+02  1.0043e+03  8.9315e-05  6.5487e-04 
 6.8000e-01  2.6800e+07  3.1300e+02  1.0043e+03  0.0000e+00  1.0000e+00  8.9183e+02  1.0043e+03  8.9462e-05  6.5487e-04 
 6.9000e-01  2.6900e+07  3.1300e+02  1.0044e+03  0.0000e+00  1.0000e+00  8.9246e+02  1.0044e+03  8.9609e-05  6.5487e-04 
 7.0000e-01  2.7000e+07  3.1300e+02  1.0044e+03  0.0000e+00  1.0000e+00  8.9309e+02  1.0044e+03  8.9756e-05  6.5487e-04 
 7.1000e-01  2.7100e+07  3.1300e+02  1.0045e+03  0.0000e+00  1.0000e+00  8.9372e+02  1.0045e+03  8.9902e-05  6.5487e-04 
 7.2000e-01  2.7200e+07  3.1300e+02  1.0045e+03  0.0000e+00  1.0000e+00  8.9432e+02  1.0045e+03  9.0046e-05  6.5487e-04 
 7.3000e-01  2.7300e+07  3.1300e+02  1.0046e+03  0.0000e+00  1.0000e+00  8.9492e+02  1.0046e+03  9.0189e-05  6.5487e-04 
 7.4000e-01  2.7400e+07  3.1300e+02  1.0046e+03  0.0000e+00  1.0000e+00  8.9552e+02  1.0046e+03  9.0333e-05  6.5487e-04 
 7.5000e-01  2.7500e+07  3.1300e+02  1.0047e+03  0.0000e+00  1.0000e+00  8.9612e+02  1.0047e+03  9.0476e-05  6.5487e-04 
 7.6000e-01  2.7600e+07  3.1300e+02  1.0047e+03  0.0000e+00  1.0000e+00  8.9672e+02  1.0047e+03  9.0620e-05  6.5487e-04 
 7.7000e-01  2.7700e+07  3.1300e+02  1.0047e+03  0.0000e+00  1.0000e+00  8.9732e+02  1.0047e+03  9.0763e-05  6.5487e-04 
 7.8000e-01  2.7800e+07  3.1300e+02  1.0048e+03  0.0000e+00  1.0000e+00  8.9792e+02  1.0048e+03  9.0906e-05  6.5487e-04 
 7.9000e-01  2.7900e+07  3.1300e+02  1.0048e+03  0.0000e+00  1.0000e+00  8.9852e+02  1.0048e+03  9.1050e-05  6.5487e-04 
 8.0000e-01  2.8000e+07  3.1300e+02  1.0049e+03  0.0000e+00  1.0000e+00  8.9913e+02  1.0049e+03  9.1193e-05  6.5487e-04 
 8.1000e-01  2.8100e+07  3.1300e+02  1.0049e+03  0.0000e+00  1.0000e+00  8.9973e+02  1.0049e+03  9.1337e-05  6.5487e-04 
 8.2000e-01  2.8200e+07  3.1300e+02  1.0050e+03  0.0000e+00  1.0000e+00  9.0030e+02  1.0050e+03  9.1477e-05  6.5487e-04 
 8.3000e-01  2.8300e+07  3.1300e+02  1.0050e+03  0.0000e+00  1.0000e+00  9.0088e+02  1.0050e+03  9.1618e-05  6.5487e-04 
 8.4000e-01  2.8400e+07  3.1300e+02  1.0051e+03  0.0000e+00  1.0000e+00  9.0145e+02  1.0051e+03  9.1758e-05  6.5487e-04 
 8.5000e-01  2.8500e+07  3.1300e+02  1.0051e+03  0.0000e+00  1.0000e+00  9.0203e+02  1.0051e+03  9.1898e-05  6.5487e-04 
 8.6000e-01  2.8600e+07  3.1300e+02  1.0052e+03  0.0000e+00  1.0000e+00  9.0260e+02  1.0052e+03  9.2039e-05  6.5487e-04 
 8.7000e-01  2.8700e+07  3.1300e+02  1.0052e+03  0.0000e+00  1.0000e+00  9.0318e+02  1.0052e+03  9.2179e-05  6.5487e-04 
 8.8000e-01  2.8800e+07  3.1300e+02  1.0052e+03  0.0000e+00  1.0000e+00  9.0376e+02  1.0052e+03  9.2319e-05  6.5487e-04 
 8.9000e-01  2.8900e+07  3.1300e+02  1.0053e+03  0.0000e+00  1.0000e+00  9.0433e+02  1.0053e+03  9.2460e-05  6.5487e-04 
 9.0000e-01  2.9000e+07  3.1300e+02  1.0053e+03  0.0000e+00  1.0000e+00  9.0491e+02  1.0053e+03  9.2600e-05  6.5487e-04 
 9.1000e-01  2.9100e+07  3.1300e+02  1.0054e+03  0.0000e+00  1.0000e+00  9.0548e+02  1.0054e+03  9.2740e-05  6.5487e-04 
 9.2000e-01  2.9200e+07  3.1300e+02  1.0054e+03  0.0000e+00  1.0000e+00  9.0604e+02  1.0054e+03  9.2878e-05  6.5487e-04 
 9.3000e-01  2.9300e+07  3.1300e+02  1.0055e+03  0.0000e+00  1.0000e+00  9.0659e+02  1.0055e+03  9.3016e-05  6.5487e-04 
 9.4000e-01  2.9400e+07  3.1300e+02  1.0055e+03  0.0000e+00  1.0000e+00  9.0714e+02  1.0055e+03  9.3153e-05  6.5487e-04 
 9.5000e-01  2.9500e+07  3.1300e+02  1.0056e+03  0.0000e+00  1.0000e+00  9.0769e+02  1.0056e+03  9.3291e-05  6.5487e-04 
 9.6000e-01  2.9600e+07  3.1300e+02  1.0056e+03  0.0000e+00  1.0000e+00  9.0825e+02  1.0056e+03  9.3428e-05  6.5487e-04 
 9.7000e-01  2.9700e+07  3.1300e+02  1.0056e+03  0.0000e+00  1.0000e+00  9.0880e+02  1.0056e+03  9.3566e-05  6.5487e-04 
 9.8000e-01  2.9800e+07  3.1300e+02  1.0057e+03  0.0000e+00  1.0000e+00  9.0935e+02  1.0057e+03  9.3704e-05  6.5487e-04 
 9.9000e-01  2.9900e+07  3.1300e+02  1.0057e+03  0.0000e+00  1.0000e+00  9.0990e+02  1.0057e+03  9.3841e-05  6.5487e-04 
 1.0000e+00  3.0000e+07  3.1300e+02  1.0058e+03  0.0000e+00  1.0000e+00  9.1046e+02  1.0058e+03  9.3979e-05  6.5487e-04 
