# column 1 = time
# column 2 = pressure
# column 3 = temperature
# column 4 = density
# columns 5-6 = phase fractions
# columns 7-8 = phase densities
# columns 9-10 = phase viscosities
 0.0000e+00  2.0000e+07  2.8300e+02  1.0087e+03  0.0000e+00  1.0000e+00  9.8017e+02  1.0087e+03  1.1528e-04  1.3133e-03 
 1.0000e-02  2.0100e+07  2.8300e+02  1.0088e+03  0.0000e+00  1.0000e+00  9.8065e+02  1.0088e+03  1.1544e-04  1.3133e-03 
 2.0000e-02  2.0200e+07  2.8300e+02  1.0088e+03  0.0000e+00  1.0000e+00  9.8111e+02  1.0088e+03  1.1560e-04  1.3133e-03 
 3.0000e-02  2.0300e+07  2.8300e+02  1.0089e+03  0.0000e+00  1.0000e+00  9.8157e+02  1.0089e+03  1.1576e-04  1.3133e-03 
 4.0000e-02  2.0400e+07  2.8300e+02  1.0089e+03  0.0000e+00  1.0000e+00  9.8202e+02  1.0089e+03  1.1592e-04  1.3133e-03 
 5.0000e-02  2.0500e+07  2.8300e+02  1.0090e+03  0.0000e+00  1.0000e+00  9.8248e+02  1.0090e+03  1.1608e-04  1.3133e-03 
 6.0000e-02  2.0600e+07  2.8300e+02  1.0090e+03  0.0000e+00  1.0000e+00  9.8294e+02  1.0090e+03  1.1624e-04  1.3133e-03 
 7.0000e-02  2.0700e+07  2.8300e+02  1.0091e+03  0.0000e+00  1.0000e+00  9.8340e+02  1.0091e+03  1.1639e-04  1.3133e-03 
 8.0000e-02  2.0800e+07  2.8300e+02  1.0091e+03  0.0000e+00  1.0000e+00  9.8386e+02  1.0091e+03  1.1655e-04  1.3133e-03 
 9.0000e-02  2.0900e+07  2.8300e+02  1.0091e+03  0.0000e+00  1.0000e+00  9.8431e+02  1.0091e+03  1.1671e-04  1.3133e-03 
 1.0000e-01  2.1000e+07  2.8300e+02  1.0092e+03  0.0000e+00  1.0000e+00  9.8477e+02  1.0092e+03  1.1687e-04  1.3133e-03 
 1.1000e-01  2.1100e+07  2.8300e+02  1.0092e+03  0.0000e+00  1.0000e+00  9.8523e+02  1.0092e+03  1.1703e-04  1.3133e-03 
 1.2000e-01  2.1200e+07  2.8300e+02  1.0093e+03  0.0000e+00  1.0000e+00  9.8567e+02  1.0093e+03  1.1719e-04  1.3133e-03 
 1.3000e-01  2.1300e+07  2.8300e+02  1.0093e+03  0.0000e+00  1.0000e+00  9.8611e+02  1.0093e+03  1.1734e-04  1.3133e-03 
 1.4000e-01  2.1400e+07  2.8300e+02  1.0094e+03  0.0000e+00  1.0000e+00  9.8656e+02  1.0094e+03  1.1750e-04  1.3133e-03 
 1.5000e-01  2.1500e+07  2.8300e+02  1.0094e+03  0.0000e+00  1.0000e+00  9.8700e+02  1.0094e+03  1.1765e-04  1.3133e-03 
 1.6000e-01  2.1600e+07  2.8300e+02  1.0095e+03  0.0000e+00  1.0000e+00  9.8744e+02  1.0095e+03  1.1781e-04  1.3133e-03 
 1.7000e-01  2.1700e+07  2.8300e+02  1.0095e+03  0.0000e+00  1.0000e+00  9.8788e+02  1.0095e+03  1.1797e-04  1.3133e-03 
 1.8000e-01  2.1800e+07  2.8300e+02  1.0096e+03  0.0000e+00  1.0000e+00  9.8832e+02  1.0096e+03  1.1812e-04  1.3133e-03 
 1.9000e-01  2.1900e+07  2.8300e+02  1.0096e+03  0.0000e+00  1.0000e+00  9.8877e+02  1.0096e+03  1.1828e-04  1.3133e-03 
 2.0000e-01  2.2000e+07  2.8300e+02  1.0096e+03  0.0000e+00  1.0000e+00  9.8921e+02  1.0096e+03  1.1843e-04  1.3133e-03 
 2.1000e-01  2.2100e+07  2.8300e+02  1.0097e+03  0.0000e+00  1.0000e+00  9.8965e+02  1.0097e+03  1.1859e-04  1.3133e-03 
 2.2000e-01  2.2200e+07  2.8300e+02  1.0097e+03  0.0000e+00  1.0000e+00  9.9008e+02  1.0097e+03  1.1874e-04  1.3133e-03 
 2.3000e-01  2.2300e+07  2.8300e+02  1.0098e+03  0.0000e+00  1.0000e+00  9.9050e+02  1.0098e+03  1.1890e-04  1.3133e-03 
 2.4000e-01  2.2400e+07  2.8300e+02  1.0098e+03  0.0000e+00  1.0000e+00  9.9093e+02  1.0098e+03  1.1905e-04  1.3133e-03 
 2.5000e-01  2.2500e+07  2.8300e+02  1.0099e+03  0.0000e+00  1.0000e+00  9.9136e+02  1.0099e+03  1.1920e-04  1.3133e-03 
 2.6000e-01  2.2600e+07  2.8300e+02  1.0099e+03  0.0000e+00  1.0000e+00  9.9179e+02  1.0099e+03  1.1936e-04  1.3133e-03 
 2.7000e-01  2.2700e+07  2.8300e+02  1.0100e+03  0.0000e+00  1.0000e+00  9.9221e+02  1.0100e+03  1.1951e-04  1.3133e-03 
 2.8000e-01  2.2800e+07  2.8300e+02  1.0100e+03  0.0000e+00  1.0000e+00  9.9264e+02  1.0100e+03  1.1966e-04  1.3133e-03 
 2.9000e-01  2.2900e+07  2.8300e+02  1.0101e+03  0.0000e+00  1.0000e+00  9.9307e+02  1.0101e+03  1.1982e-04  1.3133e-03 
 3.0000e-01  2.3000e+07  2.8300e+02  1.0101e+03  0.0000e+00  1.0000e+00  9.9349e+02  1.0101e+03  1.1997e-04  1.3133e-03 
 3.1000e-01  2.3100e+07  2.8300e+02  1.0101e+03  0.0000e+00  1.0000e+00  9.9392e+02  1.0101e+03  1.2012e-04  1.3133e-03 
 3.2000e-01  2.3200e+07  2.8300e+02  1.0102e+03  0.0000e+00  1.0000e+00  9.9434e+02  1.0102e+03  1.2027e-04  1.3133e-03 
 3.3000e-01  2.3300e+07  2.8300e+02  1.0102e+03  0.0000e+00  1.0000e+00  9.9475e+02  1.0102e+03  1.2043e-04  1.3133e-03 
 3.4000e-01  2.3400e+07  2.8300e+02  1.0103e+03  0.0000e+00  1.0000e+00  9.9516e+02  1.0103e+03  1.2058e-04  1.3133e-03 
 3.5000e-01  2.3500e+07  2.8300e+02  1.0103e+03  0.0000e+00  1.0000e+00  9.9558e+02  1.0103e+03  1.2073e-04  1.3133e-03 
 3.6000e-01  2.3600e+07  2.8300e+02  1.0104e+03  0.0000e+00  1.0000e+00  9.9599e+02  1.0104e+03  1.2088e-04  1.3133e-03 
 3.7000e-01  2.3700e+07  2.8300e+02  1.0104e+03  0.0000e+00  1.0000e+00  9.9640e+02  1.0104e+03  1.2103e-04  1.3133e-03 
 3.8000e-01  2.3800e+07  2.8300e+02  1.0105e+03  0.0000e+00  1.0000e+00  9.9682e+02  1.0105e+03  1.2118e-04  1.3133e-03 
 3.9000e-01  2.3900e+07  2.8300e+02  1.0105e+03  0.0000e+00  1.0000e+00  9.9723e+02  1.0105e+03  1.2133e-04  1.3133e-03 
 4.0000e-01  2.4000e+07  2.8300e+02  1.0106e+03  0.0000e+00  1.0000e+00  9.9764e+02  1.0106e+03  1.2148e-04  1.3133e-03 
 4.1000e-01  2.4100e+07  2.8300e+02  1.0106e+03  0.0000e+00  1.0000e+00  9.9806e+02  1.0106e+03  1.2163e-04  1.3133e-03 
 4.2000e-01  2.4200e+07  2.8300e+02  1.0106e+03  0.0000e+00  1.0000e+00  9.9846e+02  1.0106e+03  1.2178e-04  1.3133e-03 
 4.3000e-01  2.4300e+07  2.8300e+02  1.0107e+03  0.0000e+00  1.0000e+00  9.9886e+02  1.0107e+03  1.2193e-04  1.3133e-03 
 4.4000e-01  2.4400e+07  2.8300e+02  1.0107e+03  0.0000e+00  1.0000e+00  9.9926e+02  1.0107e+03  1.2208e-04  1.3133e-03 
 4.5000e-01  2.4500e+07  2.8300e+02  1.0108e+03  0.0000e+00  1.0000e+00  9.9966e+02  1.0108e+03  1.2223e-04  1.3133e-03 
 4.6000e-01  2.4600e+07  2.8300e+02  1.0108e+03  0.0000e+00  1.0000e+00  1.0001e+03  1.0108e+03  1.2238e-04  1.3133e-03 
 4.7000e-01  2.4700e+07  2.8300e+02  1.0109e+03  0.0000e+00  1.0000e+00  1.0005e+03  1.0109e+03  1.2253e-04  1.3133e-03 
 4.8000e-01  2.4800e+07  2.8300e+02  1.0109e+03  0.0000e+00  1.0000e+00  1.0009e+03  1.0109e+03  1.2268e-04  1.3133e-03 
 4.9000e-01  2.4900e+07  2.8300e+02  1.0110e+03  0.0000e+00  1.0000e+00  1.0013e+03  1.0110e+03  1.2283e-04  1.3133e-03 
 5.0000e-01  2.5000e+07  2.8300e+02  1.0110e+03  0.0000e+00  1.0000e+00  1.0017e+03  1.0110e+03  1.2297e-04  1.3133e-03 
 5.1000e-01  2.5100e+07  2.8300e+02  1.0111e+03  0.0000e+00  1.0000e+00  1.0021e+03  1.0111e+03  1.2312e-04  1.3133e-03 
 5.2000e-01  2.5200e+07  2.8300e+02  1.0111e+03  0.0000e+00  1.0000e+00  1.0025e+03  1.0111e+03  1.2327e-04  1.3133e-03 
 5.3000e-01  2.5300e+07  2.8300e+02  1.0111e+03  0.0000e+00  1.0000e+00  1.0028e+03  1.0111e+03  1.2342e-04  1.3133e-03 
 5.4000e-01  2.5400e+07  2.8300e+02  1.0112e+03  0.0000e+00  1.0000e+00  1.0032e+03  1.0112e+03  1.2356e-04  1.3133e-03 
 5.5000e-01  2.5500e+07  2.8300e+02  1.0112e+03  0.0000e+00  1.0000e+00  1.0036e+03  1.0112e+03  1.2371e-04  1.3133e-03 
 5.6000e-01  2.5600e+07  2.8300e+02  1.0113e+03  0.0000e+00  1.0000e+00  1.0040e+03  1.0113e+03  1.2386e-04  1.3133e-03 
 5.7000e-01  2.5700e+07  2.8300e+02  1.0113e+03  0.0000e+00  1.0000e+00  1.0044e+03  1.0113e+03  1.2400e-04  1.3133e-03 
 5.8000e-01  2.5800e+07  2.8300e+02  1.0114e+03  0.0000e+00  1.0000e+00  1.0048e+03  1.0114e+03  1.2415e-04  1.3133e-03 
 5.9000e-01  2.5900e+07  2.8300e+02  1.0114e+03  0.0000e+00  1.0000e+00  1.0052e+03  1.0114e+03  1.2430e-04  1.3133e-03 
 6.0000e-01  2.6000e+07  2.8300e+02  1.0115e+03  0.0000e+00  1.0000e+00  1.0056e+03  1.0115e+03  1.2444e-04  1.3133e-03 
 6.1000e-01  2.6100e+07  2.8300e+02  1.0115e+03  0.0000e+00  1.0000e+00  1.0060e+03  1.0115e+03  1.2459e-04  1.3133e-03 
 6.2000e-01  2.6200e+07  2.8300e+02  1.0116e+03  0.0000e+00  1.0000e+00  1.0063e+03  1.0116e+03  1.2474e-04  1.3133e-03 
 6.3000e-01  2.6300e+07  2.8300e+02  1.0116e+03  0.0000e+00  1.0000e+00  1.0067e+03  1.0116e+03  1.2488e-04  1.3133e-03 
 6.4000e-01  2.6400e+07  2.8300e+02  1.0116e+03  0.0000e+00  1.0000e+00  1.0071e+03  1.0116e+03  1.2503e-04  1.3133e-03 
 6.5000e-01  2.6500e+07  2.8300e+02  1.0117e+03  0.0000e+00  1.0000e+00  1.0075e+03  1.0117e+03  1.2517e-04  1.3133e-03 
 6.6000e-01  2.6600e+07  2.8300e+02  1.0117e+03  0.0000e+00  1.0000e+00  1.0078e+03  1.0117e+03  1.2532e-04  1.3133e-03 
 6.7000e-01  2.6700e+07  2.8300e+02  1.0118e+03  0.0000e+00  1.0000e+00  1.0082e+03  1.0118e+03  1.2546e-04  1.3133e-03 
 6.8000e-01  2.6800e+07  2.8300e+02  1.0118e+03  0.0000e+00  1.0000e+00  1.0086e+03  1.0118e+03  1.2561e-04  1.3133e-03 
 6.9000e-01  2.6900e+07  2.8300e+02  1.0119e+03  0.0000e+00  1.0000e+00  1.0090e+03  1.0119e+03  1.2575e-04  1.3133e-03 
 7.0000e-01  2.7000e+07  2.8300e+02  1.0119e+03  0.0000e+00  1.0000e+00  1.0094e+03  1.0119e+03  1.2590e-04  1.3133e-03 
 7.1000e-01  2.7100e+07  2.8300e+02  1.0120e+03  0.0000e+00  1.0000e+00  1.0097e+03  1.0120e+03  1.2604e-04  1.3133e-03 
 7.2000e-01  2.7200e+07  2.8300e+02  1.0120e+03  0.0000e+00  1.0000e+00  1.0101e+03  1.0120e+03  1.2618e-04  1.3133e-03 
 7.3000e-01  2.7300e+07  2.8300e+02  1.0121e+03  0.0000e+00  1.0000e+00  1.0105e+03  1.0121e+03  1.2633e-04  1.3133e-03 
 7.4000e-01  2.7400e+07  2.8300e+02  1.0121e+03  0.0000e+00  1.0000e+00  1.0108e+03  1.0121e+03  1.2647e-04  1.3133e-03 
 7.5000e-01  2.7500e+07  2.8300e+02  1.0121e+03  0.0000e+00  1.0000e+00  1.0112e+03  1.0121e+03  1.2661e-04  1.3133e-03 
 7.6000e-01  2.7600e+07  2.8300e+02  1.0122e+03  0.0000e+00  1.0000e+00  1.0116e+03  1.0122e+03  1.2676e-04  1.3133e-03 
 7.7000e-01  2.7700e+07  2.8300e+02  1.0122e+03  0.0000e+00  1.0000e+00  1.0119e+03  1.0122e+03  1.2690e-04  1.3133e-03 
 7.8000e-01  2.7800e+07  2.8300e+02  1.0123e+03  0.0000e+00  1.0000e+00  1.0123e+03  1.0123e+03  1.2704e-04  1.3133e-03 
 7.9000e-01  2.7900e+07  2.8300e+02  1.0123e+03  0.0000e+00  1.0000e+00  1.0127e+03  1.0123e+03  1.2719e-04  1.3133e-03 
 8.0000e-01  2.8000e+07  2.8300e+02  1.0124e+03  0.0000e+00  1.0000e+00  1.0130e+03  1.0124e+03  1.2733e-04  1.3133e-03 
 8.1000e-01  2.8100e+07  2.8300e+02  1.0124e+03  0.0000e+00  1.0000e+00  1.0134e+03  1.0124e+03  1.2747e-04  1.3133e-03 
 8.2000e-01  2.8200e+07  2.8300e+02  1.0125e+03  0.0000e+00  1.0000e+00  1.0138e+03  1.0125e+03  1.2761e-04  1.3133e-03 
 8.3000e-01  2.8300e+07  2.8300e+02  1.0125e+03  0.0000e+00  1.0000e+00  1.0141e+03  1.0125e+03  1.2775e-04  1.3133e-03 
 8.4000e-01  2.8400e+07  2.8300e+02  1.0126e+03  0.0000e+00  1.0000e+00  1.0145e+03  1.0126e+03  1.2790e-04  1.3133e-03 
 8.5000e-01  2.8500e+07  2.8300e+02  1.0126e+03  0.0000e+00  1.0000e+00  1.0148e+03  1.0126e+03  1.2804e-04  1.3133e-03 
 8.6000e-01  2.8600e+07  2.8300e+02  1.0126e+03  0.0000e+00  1.0000e+00  1.0152e+03  1.0126e+03  1.2818e-04  1.3133e-03 
 8.7000e-01  2.8700e+07  2.8300e+02  1.0127e+03  0.0000e+00  1.0000e+00  1.0156e+03  1.0127e+03  1.2832e-04  1.3133e-03 
 8.8000e-01  2.8800e+07  2.8300e+02  1.0127e+03  0.0000e+00  1.0000e+00  1.0159e+03  1.0127e+03  1.2846e-04  1.3133e-03 
 8.9000e-01  2.8900e+07  2.8300e+02  1.0128e+03  0.0000e+00  1.0000e+00  1.0163e+03  1.0128e+03  1.2860e-04  1.3133e-03 
 9.0000e-01  2.9000e+07  2.8300e+02  1.0128e+03  0.0000e+00  1.0000e+00  1.0166e+03  1.0128e+03  1.2874e-04  1.3133e-03 
 9.1000e-01  2.9100e+07  2.8300e+02  1.0129e+03  0.0000e+00  1.0000e+00  1.0170e+03  1.0129e+03  1.2889e-04  1.3133e-03 
 9.2000e-01  2.9200e+07  2.8300e+02  1.0129e+03  0.0000e+00  1.0000e+00  1.0173e+03  1.0129e+03  1.2903e-04  1.3133e-03 
 9.3000e-01  2.9300e+07  2.8300e+02  1.0130e+03  0.0000e+00  1.0000e+00  1.0177e+03  1.0130e+03  1.2916e-04  1.3133e-03 
 9.4000e-01  2.9400e+07  2.8300e+02  1.0130e+03  0.0000e+00  1.0000e+00  1.0180e+03  1.0130e+03  1.2930e-04  1.3133e-03 
 9.5000e-01  2.9500e+07  2.8300e+02  1.0131e+03  0.0000e+00  1.0000e+00  1.0184e+03  1.0131e+03  1.2944e-04  1.3133e-03 
 9.6000e-01  2.9600e+07  2.8300e+02  1.0131e+03  0.0000e+00  1.0000e+00  1.0187e+03  1.0131e+03  1.2958e-04  1.3133e-03 
 9.7000e-01  2.9700e+07  2.8300e+02  1.0132e+03  0.0000e+00  1.0000e+00  1.0191e+03  1.0132e+03  1.2972e-04  1.3133e-03 
 9.8000e-01  2.9800e+07  2.8300e+02  1.0132e+03  0.0000e+00  1.0000e+00  1.0194e+03  1.0132e+03  1.2986e-04  1.3133e-03 
 9.9000e-01  2.9900e+07  2.8300e+02  1.0132e+03  0.0000e+00  1.0000e+00  1.0198e+03  1.0132e+03  1.3000e-04  1.3133e-03 
 1.0000e+00  3.0000e+07  2.8300e+02  1.0133e+03  0.0000e+00  1.0000e+00  1.0201e+03  1.0133e+03  1.3014e-04  1.3133e-03 
