# column 1 = time
# column 2 = pressure
# column 3 = temperature
# column 4 = density
# columns 5-6 = phase fractions
# columns 7-8 = phase densities
# columns 9-10 = phase viscosities
 0.0000e+00  2.0000e+07  2.9300e+02  1.0073e+03  0.0000e+00  1.0000e+00  9.3769e+02  1.0073e+03  1.0153e-04  1.0062e-03 
 1.0000e-02  2.0100e+07  2.9300e+02  1.0073e+03  0.0000e+00  1.0000e+00  9.3828e+02  1.0073e+03  1.0170e-04  1.0062e-03 
 2.0000e-02  2.0200e+07  2.9300e+02  1.0073e+03  0.0000e+00  1.0000e+00  9.3884e+02  1.0073e+03  1.0186e-04  1.0062e-03 
 3.0000e-02  2.0300e+07  2.9300e+02  1.0074e+03  0.0000e+00  1.0000e+00  9.3940e+02  1.0074e+03  1.0203e-04  1.0062e-03 
 4.0000e-02  2.0400e+07  2.9300e+02  1.0074e+03  0.0000e+00  1.0000e+00  9.3996e+02  1.0074e+03  1.0219e-04  1.0062e-03 
 5.0000e-02  2.0500e+07  2.9300e+02  1.0075e+03  0.0000e+00  1.0000e+00  9.4052e+02  1.0075e+03  1.0235e-04  1.0062e-03 
 6.0000e-02  2.0600e+07  2.9300e+02  1.0075e+03  0.0000e+00  1.0000e+00  9.4108e+02  1.0075e+03  1.0251e-04  1.0062e-03 
 7.0000e-02  2.0700e+07  2.9300e+02  1.0076e+03  0.0000e+00  1.0000e+00  9.4164e+02  1.0076e+03  1.0267e-04  1.0062e-03 
 8.0000e-02  2.0800e+07  2.9300e+02  1.0076e+03  0.0000e+00  1.0000e+00  9.4220e+02  1.0076e+03  1.0284e-04  1.0062e-03 
 9.0000e-02  2.0900e+07  2.9300e+02  1.0077e+03  0.0000e+00  1.0000e+00  9.4276e+02  1.0077e+03  1.0300e-04  1.0062e-03 
 1.0000e-01  2.1000e+07  2.9300e+02  1.0077e+03  0.0000e+00  1.0000e+00  9.4332e+02  1.0077e+03  1.0316e-04  1.0062e-03 
 1.1000e-01  2.1100e+07  2.9300e+02  1.0078e+03  0.0000e+00  1.0000e+00  9.4388e+02  1.0078e+03  1.0332e-04  1.0062e-03 
 1.2000e-01  2.1200e+07  2.9300e+02  1.0078e+03  0.0000e+00  1.0000e+00  9.4442e+02  1.0078e+03  1.0348e-04  1.0062e-03 
 1.3000e-01  2.1300e+07  2.9300e+02  1.0078e+03  0.0000e+00  1.0000e+00  9.4495e+02  1.0078e+03  1.0364e-04  1.0062e-03 
 1.4000e-01  2.1400e+07  2.9300e+02  1.0079e+03  0.0000e+00  1.0000e+00  9.4549e+02  1.0079e+03  1.0380e-04  1.0062e-03 
 1.5000e-01  2.1500e+07  2.9300e+02  1.0079e+03  0.0000e+00  1.0000e+00  9.4603e+02  1.0079e+03  1.0396e-04  1.0062e-03 
 1.6000e-01  2.1600e+07  2.9300e+02  1.0080e+03  0.0000e+00  1.0000e+00  9.4656e+02  1.0080e+03  1.0411e-04  1.0062e-03 
 1.7000e-01  2.1700e+07  2.9300e+02  1.0080e+03  0.0000e+00  1.0000e+00  9.4710e+02  1.0080e+03  1.0427e-04  1.0062e-03 
 1.8000e-01  2.1800e+07  2.9300e+02  1.0081e+03  0.0000e+00  1.0000e+00  9.4764e+02  1.0081e+03  1.0443e-04  1.0062e-03 
 1.9000e-01  2.1900e+07  2.9300e+02  1.0081e+03  0.0000e+00  1.0000e+00  9.4817e+02  1.0081e+03  1.0459e-04  1.0062e-03 
 2.0000e-01  2.2000e+07  2.9300e+02  1.0082e+03  0.0000e+00  1.0000e+00  9.4871e+02  1.0082e+03  1.0475e-04  1.0062e-03 
 2.1000e-01  2.2100e+07  2.9300e+02  1.0082e+03  0.0000e+00  1.0000e+00  9.4924e+02  1.0082e+03  1.0491e-04  1.0062e-03 
 2.2000e-01  2.2200e+07  2.9300e+02  1.0083e+03  0.0000e+00  1.0000e+00  9.4976e+02  1.0083e+03  1.0506e-04  1.0062e-03 
 2.3000e-01  2.2300e+07  2.9300e+02  1.0083e+03  0.0000e+00  1.0000e+00  9.5027e+02  1.0083e+03  1.0522e-04  1.0062e-03 
 2.4000e-01  2.2400e+07  2.9300e+02  1.0083e+03  0.0000e+00  1.0000e+00  9.5079e+02  1.0083e+03  1.0537e-04  1.0062e-03 
 2.5000e-01  2.2500e+07  2.9300e+02  1.0084e+03  0.0000e+00  1.0000e+00  9.5130e+02  1.0084e+03  1.0553e-04  1.0062e-03 
 2.6000e-01  2.2600e+07  2.9300e+02  1.0084e+03  0.0000e+00  1.0000e+00  9.5182e+02  1.0084e+03  1.0568e-04  1.0062e-03 
 2.7000e-01  2.2700e+07  2.9300e+02  1.0085e+03  0.0000e+00  1.0000e+00  9.5233e+02  1.0085e+03  1.0584e-04  1.0062e-03 
 2.8000e-01  2.2800e+07  2.9300e+02  1.0085e+03  0.0000e+00  1.0000e+00  9.5285e+02  1.0085e+03  1.0599e-04  1.0062e-03 
 2.9000e-01  2.2900e+07  2.9300e+02  1.0086e+03  0.0000e+00  1.0000e+00  9.5336e+02  1.0086e+03  1.0615e-04  1.0062e-03 
 3.0000e-01  2.3000e+07  2.9300e+02  1.0086e+03  0.0000e+00  1.0000e+00  9.5387e+02  1.0086e+03  1.0630e-04  1.0062e-03 
 3.1000e-01  2.3100e+07  2.9300e+02  1.0087e+03  0.0000e+00  1.0000e+00  9.5439e+02  1.0087e+03  1.0646e-04  1.0062e-03 
 3.2000e-01  2.3200e+07  2.9300e+02  1.0087e+03  0.0000e+00  1.0000e+00  9.5488e+02  1.0087e+03  1.0661e-04  1.0062e-03 
 3.3000e-01  2.3300e+07  2.9300e+02  1.0088e+03  0.0000e+00  1.0000e+00  9.5538e+02  1.0088e+03  1.0676e-04  1.0062e-03 
 3.4000e-01  2.3400e+07  2.9300e+02  1.0088e+03  0.0000e+00  1.0000e+00  9.5587e+02  1.0088e+03  1.0691e-04  1.0062e-03 
 3.5000e-01  2.3500e+07  2.9300e+02  1.0088e+03  0.0000e+00  1.0000e+00  9.5637e+02  1.0088e+03  1.0707e-04  1.0062e-03 
 3.6000e-01  2.3600e+07  2.9300e+02  1.0089e+03  0.0000e+00  1.0000e+00  9.5686e+02  1.0089e+03  1.0722e-04  1.0062e-03 
 3.7000e-01  2.3700e+07  2.9300e+02  1.0089e+03  0.0000e+00  1.0000e+00  9.5736e+02  1.0089e+03  1.0737e-04  1.0062e-03 
 3.8000e-01  2.3800e+07  2.9300e+02  1.0090e+03  0.0000e+00  1.0000e+00  9.5785e+02  1.0090e+03  1.0752e-04  1.0062e-03 
 3.9000e-01  2.3900e+07  2.9300e+02  1.0090e+03  0.0000e+00  1.0000e+00  9.5835e+02  1.0090e+03  1.0767e-04  1.0062e-03 
 4.0000e-01  2.4000e+07  2.9300e+02  1.0091e+03  0.0000e+00  1.0000e+00  9.5884e+02  1.0091e+03  1.0783e-04  1.0062e-03 
 4.1000e-01  2.4100e+07  2.9300e+02  1.0091e+03  0.0000e+00  1.0000e+00  9.5934e+02  1.0091e+03  1.0798e-04  1.0062e-03 
 4.2000e-01  2.4200e+07  2.9300e+02  1.0092e+03  0.0000e+00  1.0000e+00  9.5981e+02  1.0092e+03  1.0813e-04  1.0062e-03 
 4.3000e-01  2.4300e+07  2.9300e+02  1.0092e+03  0.0000e+00  1.0000e+00  9.6029e+02  1.0092e+03  1.0828e-04  1.0062e-03 
 4.4000e-01  2.4400e+07  2.9300e+02  1.0093e+03  0.0000e+00  1.0000e+00  9.6076e+02  1.0093e+03  1.0843e-04  1.0062e-03 
 4.5000e-01  2.4500e+07  2.9300e+02  1.0093e+03  0.0000e+00  1.0000e+00  9.6124e+02  1.0093e+03  1.0858e-04  1.0062e-03 
 4.6000e-01  2.4600e+07  2.9300e+02  1.0093e+03  0.0000e+00  1.0000e+00  9.6172e+02  1.0093e+03  1.0872e-04  1.0062e-03 
 4.7000e-01  2.4700e+07  2.9300e+02  1.0094e+03  0.0000e+00  1.0000e+00  9.6219e+02  1.0094e+03  1.0887e-04  1.0062e-03 
 4.8000e-01  2.4800e+07  2.9300e+02  1.0094e+03  0.0000e+00  1.0000e+00  9.6267e+02  1.0094e+03  1.0902e-04  1.0062e-03 
 4.9000e-01  2.4900e+07  2.9300e+02  1.0095e+03  0.0000e+00  1.0000e+00  9.6315e+02  1.0095e+03  1.0917e-04  1.0062e-03 
 5.0000e-01  2.5000e+07  2.9300e+02  1.0095e+03  0.0000e+00  1.0000e+00  9.6362e+02  1.0095e+03  1.0932e-04  1.0062e-03 
 5.1000e-01  2.5100e+07  2.9300e+02  1.0096e+03  0.0000e+00  1.0000e+00  9.6410e+02  1.0096e+03  1.0947e-04  1.0062e-03 
 5.2000e-01  2.5200e+07  2.9300e+02  1.0096e+03  0.0000e+00  1.0000e+00  9.6456e+02  1.0096e+03  1.0962e-04  1.0062e-03 
 5.3000e-01  2.5300e+07  2.9300e+02  1.0097e+03  0.0000e+00  1.0000e+00  9.6502e+02  1.0097e+03  1.0976e-04  1.0062e-03 
 5.4000e-01  2.5400e+07  2.9300e+02  1.0097e+03  0.0000e+00  1.0000e+00  9.6548e+02  1.0097e+03  1.0991e-04  1.0062e-03 
 5.5000e-01  2.5500e+07  2.9300e+02  1.0098e+03  0.0000e+00  1.0000e+00  9.6594e+02  1.0098e+03  1.1006e-04  1.0062e-03 
 5.6000e-01  2.5600e+07  2.9300e+02  1.0098e+03  0.0000e+00  1.0000e+00  9.6640e+02  1.0098e+03  1.1021e-04  1.0062e-03 
 5.7000e-01  2.5700e+07  2.9300e+02  1.0098e+03  0.0000e+00  1.0000e+00  9.6686e+02  1.0098e+03  1.1035e-04  1.0062e-03 
 5.8000e-01  2.5800e+07  2.9300e+02  1.0099e+03  0.0000e+00  1.0000e+00  9.6732e+02  1.0099e+03  1.1050e-04  1.0062e-03 
 5.9000e-01  2.5900e+07  2.9300e+02  1.0099e+03  0.0000e+00  1.0000e+00  9.6778e+02  1.0099e+03  1.1065e-04  1.0062e-03 
 6.0000e-01  2.6000e+07  2.9300e+02  1.0100e+03  0.0000e+00  1.0000e+00  9.6824e+02  1.0100e+03  1.1079e-04  1.0062e-03 
 6.1000e-01  2.6100e+07  2.9300e+02  1.0100e+03  0.0000e+00  1.0000e+00  9.6870e+02  1.0100e+03  1.1094e-04  1.0062e-03 
 6.2000e-01  2.6200e+07  2.9300e+02  1.0101e+03  0.0000e+00  1.0000e+00  9.6914e+02  1.0101e+03  1.1108e-04  1.0062e-03 
 6.3000e-01  2.6300e+07  2.9300e+02  1.0101e+03  0.0000e+00  1.0000e+00  9.6959e+02  1.0101e+03  1.1123e-04  1.0062e-03 
 6.4000e-01  2.6400e+07  2.9300e+02  1.0102e+03  0.0000e+00  1.0000e+00  9.7003e+02  1.0102e+03  1.1137e-04  1.0062e-03 
 6.5000e-01  2.6500e+07  2.9300e+02  1.0102e+03  0.0000e+00  1.0000e+00  9.7047e+02  1.0102e+03  1.1152e-04  1.0062e-03 
 6.6000e-01  2.6600e+07  2.9300e+02  1.0103e+03  0.0000e+00  1.0000e+00  9.7092e+02  1.0103e+03  1.1166e-04  1.0062e-03 
 6.7000e-01  2.6700e+07  2.9300e+02  1.0103e+03  0.0000e+00  1.0000e+00  9.7136e+02  1.0103e+03  1.1181e-04  1.0062e-03 
 6.8000e-01  2.6800e+07  2.9300e+02  1.0103e+03  0.0000e+00  1.0000e+00  9.7181e+02  1.0103e+03  1.1195e-04  1.0062e-03 
 6.9000e-01  2.6900e+07  2.9300e+02  1.0104e+03  0.0000e+00  1.0000e+00  9.7225e+02  1.0104e+03  1.1209e-04  1.0062e-03 
 7.0000e-01  2.7000e+07  2.9300e+02  1.0104e+03  0.0000e+00  1.0000e+00  9.7270e+02  1.0104e+03  1.1224e-04  1.0062e-03 
 7.1000e-01  2.7100e+07  2.9300e+02  1.0105e+03  0.0000e+00  1.0000e+00  9.7314e+02  1.0105e+03  1.1238e-04  1.0062e-03 
 7.2000e-01  2.7200e+07  2.9300e+02  1.0105e+03  0.0000e+00  1.0000e+00  9.7357e+02  1.0105e+03  1.1253e-04  1.0062e-03 
 7.3000e-01  2.7300e+07  2.9300e+02  1.0106e+03  0.0000e+00  1.0000e+00  9.7400e+02  1.0106e+03  1.1267e-04  1.0062e-03 
 7.4000e-01  2.7400e+07  2.9300e+02  1.0106e+03  0.0000e+00  1.0000e+00  9.7443e+02  1.0106e+03  1.1281e-04  1.0062e-03 
 7.5000e-01  2.7500e+07  2.9300e+02  1.0107e+03  0.0000e+00  1.0000e+00  9.7486e+02  1.0107e+03  1.1295e-04  1.0062e-03 
 7.6000e-01  2.7600e+07  2.9300e+02  1.0107e+03  0.0000e+00  1.0000e+00  9.7529e+02  1.0107e+03  1.1309e-04  1.0062e-03 
 7.7000e-01  2.7700e+07  2.9300e+02  1.0108e+03  0.0000e+00  1.0000e+00  9.7572e+02  1.0108e+03  1.1324e-04  1.0062e-03 
 7.8000e-01  2.7800e+07  2.9300e+02  1.0108e+03  0.0000e+00  1.0000e+00  9.7615e+02  1.0108e+03  1.1338e-04  1.0062e-03 
 7.9000e-01  2.7900e+07  2.9300e+02  1.0108e+03  0.0000e+00  1.0000e+00  9.7658e+02  1.0108e+03  1.1352e-04  1.0062e-03 
 8.0000e-01  2.8000e+07  2.9300e+02  1.0109e+03  0.0000e+00  1.0000e+00  9.7701e+02  1.0109e+03  1.1366e-04  1.0062e-03 
 8.1000e-01  2.8100e+07  2.9300e+02  1.0109e+03  0.0000e+00  1.0000e+00  9.7744e+02  1.0109e+03  1.1381e-04  1.0062e-03 
 8.2000e-01  2.8200e+07  2.9300e+02  1.0110e+03  0.0000e+00  1.0000e+00  9.7786e+02  1.0110e+03  1.1395e-04  1.0062e-03 
 8.3000e-01  2.8300e+07  2.9300e+02  1.0110e+03  0.0000e+00  1.0000e+00  9.7828e+02  1.0110e+03  1.1409e-04  1.0062e-03 
 8.4000e-01  2.8400e+07  2.9300e+02  1.0111e+03  0.0000e+00  1.0000e+00  9.7869e+02  1.0111e+03  1.1423e-04  1.0062e-03 
 8.5000e-01  2.8500e+07  2.9300e+02  1.0111e+03  0.0000e+00  1.0000e+00  9.7911e+02  1.0111e+03  1.1437e-04  1.0062e-03 
 8.6000e-01  2.8600e+07  2.9300e+02  1.0112e+03  0.0000e+00  1.0000e+00  9.7953e+02  1.0112e+03  1.1451e-04  1.0062e-03 
 8.7000e-01  2.8700e+07  2.9300e+02  1.0112e+03  0.0000e+00  1.0000e+00  9.7994e+02  1.0112e+03  1.1465e-04  1.0062e-03 
 8.8000e-01  2.8800e+07  2.9300e+02  1.0113e+03  0.0000e+00  1.0000e+00  9.8036e+02  1.0113e+03  1.1479e-04  1.0062e-03 
 8.9000e-01  2.8900e+07  2.9300e+02  1.0113e+03  0.0000e+00  1.0000e+00  9.8078e+02  1.0113e+03  1.1493e-04  1.0062e-03 
 9.0000e-01  2.9000e+07  2.9300e+02  1.0113e+03  0.0000e+00  1.0000e+00  9.8119e+02  1.0113e+03  1.1507e-04  1.0062e-03 
 9.1000e-01  2.9100e+07  2.9300e+02  1.0114e+03  0.0000e+00  1.0000e+00  9.8161e+02  1.0114e+03  1.1521e-04  1.0062e-03 
 9.2000e-01  2.9200e+07  2.9300e+02  1.0114e+03  0.0000e+00  1.0000e+00  9.8201e+02  1.0114e+03  1.1535e-04  1.0062e-03 
 9.3000e-01  2.9300e+07  2.9300e+02  1.0115e+03  0.0000e+00  1.0000e+00  9.8242e+02  1.0115e+03  1.1548e-04  1.0062e-03 
 9.4000e-01  2.9400e+07  2.9300e+02  1.0115e+03  0.0000e+00  1.0000e+00  9.8282e+02  1.0115e+03  1.1562e-04  1.0062e-03 
 9.5000e-01  2.9500e+07  2.9300e+02  1.0116e+03  0.0000e+00  1.0000e+00  9.8323e+02  1.0116e+03  1.1576e-04  1.0062e-03 
 9.6000e-01  2.9600e+07  2.9300e+02  1.0116e+03  0.0000e+00  1.0000e+00  9.8363e+02  1.0116e+03  1.1590e-04  1.0062e-03 
 9.7000e-01  2.9700e+07  2.9300e+02  1.0117e+03  0.0000e+00  1.0000e+00  9.8404e+02  1.0117e+03  1.1604e-04  1.0062e-03 
 9.8000e-01  2.9800e+07  2.9300e+02  1.0117e+03  0.0000e+00  1.0000e+00  9.8444e+02  1.0117e+03  1.1618e-04  1.0062e-03 
 9.9000e-01  2.9900e+07  2.9300e+02  1.0118e+03  0.0000e+00  1.0000e+00  9.8485e+02  1.0118e+03  1.1631e-04  1.0062e-03 
 1.0000e+00  3.0000e+07  2.9300e+02  1.0118e+03  0.0000e+00  1.0000e+00  9.8525e+02  1.0118e+03  1.1645e-04  1.0062e-03 
