# column 1 = time
# column 2 = pressure
# column 3 = temperature
# column 4 = density
# columns 5-6 = phase fractions
# columns 7-8 = phase densities
# columns 9-10 = phase viscosities
 0.0000e+00  2.0000e+07  3.0300e+02  1.0047e+03  0.0000e+00  1.0000e+00  8.9120e+02  1.0047e+03  8.9299e-05  7.9998e-04 
 1.0000e-02  2.0100e+07  3.0300e+02  1.0047e+03  0.0000e+00  1.0000e+00  8.9194e+02  1.0047e+03  8.9473e-05  7.9998e-04 
 2.0000e-02  2.0200e+07  3.0300e+02  1.0048e+03  0.0000e+00  1.0000e+00  8.9264e+02  1.0048e+03  8.9641e-05  7.9998e-04 
 3.0000e-02  2.0300e+07  3.0300e+02  1.0048e+03  0.0000e+00  1.0000e+00  8.9334e+02  1.0048e+03  8.9809e-05  7.9998e-04 
 4.0000e-02  2.0400e+07  3.0300e+02  1.0049e+03  0.0000e+00  1.0000e+00  8.9404e+02  1.0049e+03  8.9978e-05  7.9998e-04 
 5.0000e-02  2.0500e+07  3.0300e+02  1.0049e+03  0.0000e+00  1.0000e+00  8.9474e+02  1.0049e+03  9.0146e-05  7.9998e-04 
 6.0000e-02  2.0600e+07  3.0300e+02  1.0050e+03  0.0000e+00  1.0000e+00  8.9544e+02  1.0050e+03  9.0314e-05  7.9998e-04 
 7.0000e-02  2.0700e+07  3.0300e+02  1.0050e+03  0.0000e+00  1.0000e+00  8.9614e+02  1.0050e+03  9.0482e-05  7.9998e-04 
 8.0000e-02  2.0800e+07  3.0300e+02  1.0051e+03  0.0000e+00  1.0000e+00  8.9684e+02  1.0051e+03  9.0650e-05  7.9998e-04 
 9.0000e-02  2.0900e+07  3.0300e+02  1.0051e+03  0.0000e+00  1.0000e+00  8.9754e+02  1.0051e+03  9.0818e-05  7.9998e-04 
 1.0000e-01  2.1000e+07  3.0300e+02  1.0051e+03  0.0000e+00  1.0000e+00  8.9824e+02  1.0051e+03  9.0986e-05  7.9998e-04 
 1.1000e-01  2.1100e+07  3.0300e+02  1.0052e+03  0.0000e+00  1.0000e+00  8.9893e+02  1.0052e+03  9.1154e-05  7.9998e-04 
 1.2000e-01  2.1200e+07  3.0300e+02  1.0052e+03  0.0000e+00  1.0000e+00  8.9960e+02  1.0052e+03  9.1317e-05  7.9998e-04 
 1.3000e-01  2.1300e+07  3.0300e+02  1.0053e+03  0.0000e+00  1.0000e+00  9.0026e+02  1.0053e+03  9.1481e-05  7.9998e-04 
 1.4000e-01  2.1400e+07  3.0300e+02  1.0053e+03  0.0000e+00  1.0000e+00  9.0092e+02  1.0053e+03  9.1644e-05  7.9998e-04 
 1.5000e-01  2.1500e+07  3.0300e+02  1.0054e+03  0.0000e+00  1.0000e+00  9.0158e+02  1.0054e+03  9.1807e-05  7.9998e-04 
 1.6000e-01  2.1600e+07  3.0300e+02  1.0054e+03  0.0000e+00  1.0000e+00  9.0225e+02  1.0054e+03  9.1970e-05  7.9998e-04 
 1.7000e-01  2.1700e+07  3.0300e+02  1.0055e+03  0.0000e+00  1.0000e+00  9.0291e+02  1.0055e+03  9.2133e-05  7.9998e-04 
 1.8000e-01  2.1800e+07  3.0300e+02  1.0055e+03  0.0000e+00  1.0000e+00  9.0357e+02  1.0055e+03  9.2296e-05  7.9998e-04 
 1.9000e-01  2.1900e+07  3.0300e+02  1.0056e+03  0.0000e+00  1.0000e+00  9.0423e+02  1.0056e+03  9.2459e-05  7.9998e-04 
 2.0000e-01  2.2000e+07  3.0300e+02  1.0056e+03  0.0000e+00  1.0000e+00  9.0489e+02  1.0056e+03  9.2622e-05  7.9998e-04 
 2.1000e-01  2.2100e+07  3.0300e+02  1.0056e+03  0.0000e+00  1.0000e+00  9.0556e+02  1.0056e+03  9.2786e-05  7.9998e-04 
 2.2000e-01  2.2200e+07  3.0300e+02  1.0057e+03  0.0000e+00  1.0000e+00  9.0618e+02  1.0057e+03  9.2944e-05  7.9998e-04 
 2.3000e-01  2.2300e+07  3.0300e+02  1.0057e+03  0.0000e+00  1.0000e+00  9.0681e+02  1.0057e+03  9.3103e-05  7.9998e-04 
 2.4000e-01  2.2400e+07  3.0300e+02  1.0058e+03  0.0000e+00  1.0000e+00  9.0744e+02  1.0058e+03  9.3262e-05  7.9998e-04 
 2.5000e-01  2.2500e+07  3.0300e+02  1.0058e+03  0.0000e+00  1.0000e+00  9.0807e+02  1.0058e+03  9.3420e-05  7.9998e-04 
 2.6000e-01  2.2600e+07  3.0300e+02  1.0059e+03  0.0000e+00  1.0000e+00  9.0870e+02  1.0059e+03  9.3579e-05  7.9998e-04 
 2.7000e-01  2.2700e+07  3.0300e+02  1.0059e+03  0.0000e+00  1.0000e+00  9.0933e+02  1.0059e+03  9.3738e-05  7.9998e-04 
 2.8000e-01  2.2800e+07  3.0300e+02  1.0060e+03  0.0000e+00  1.0000e+00  9.0996e+02  1.0060e+03  9.3897e-05  7.9998e-04 
 2.9000e-01  2.2900e+07  3.0300e+02  1.0060e+03  0.0000e+00  1.0000e+00  9.1059e+02  1.0060e+03  9.4055e-05  7.9998e-04 
 3.0000e-01  2.3000e+07  3.0300e+02  1.0060e+03  0.0000e+00  1.0000e+00  9.1122e+02  1.0060e+03  9.4214e-05  7.9998e-04 
 3.1000e-01  2.3100e+07  3.0300e+02  1.0061e+03  0.0000e+00  1.0000e+00  9.1185e+02  1.0061e+03  9.4373e-05  7.9998e-04 
 3.2000e-01  2.3200e+07  3.0300e+02  1.0061e+03  0.0000e+00  1.0000e+00  9.1244e+02  1.0061e+03  9.4527e-05  7.9998e-04 
 3.3000e-01  2.3300e+07  3.0300e+02  1.0062e+03  0.0000e+00  1.0000e+00  9.1304e+02  1.0062e+03  9.4682e-05  7.9998e-04 
 3.4000e-01  2.3400e+07  3.0300e+02  1.0062e+03  0.0000e+00  1.0000e+00  9.1364e+02  1.0062e+03  9.4837e-05  7.9998e-04 
 3.5000e-01  2.3500e+07  3.0300e+02  1.0063e+03  0.0000e+00  1.0000e+00  9.1424e+02  1.0063e+03  9.4992e-05  7.9998e-04 
 3.6000e-01  2.3600e+07  3.0300e+02  1.0063e+03  0.0000e+00  1.0000e+00  9.1484e+02  1.0063e+03  9.5146e-05  7.9998e-04 
 3.7000e-01  2.3700e+07  3.0300e+02  1.0064e+03  0.0000e+00  1.0000e+00  9.1544e+02  1.0064e+03  9.5301e-05  7.9998e-04 
 3.8000e-01  2.3800e+07  3.0300e+02  1.0064e+03  0.0000e+00  1.0000e+00  9.1604e+02  1.0064e+03  9.5456e-05  7.9998e-04 
 3.9000e-01  2.3900e+07  3.0300e+02  1.0065e+03  0.0000e+00  1.0000e+00  9.1664e+02  1.0065e+03  9.5611e-05  7.9998e-04 
 4.0000e-01  2.4000e+07  3.0300e+02  1.0065e+03  0.0000e+00  1.0000e+00  9.1724e+02  1.0065e+03  9.5766e-05  7.9998e-04 
 4.1000e-01  2.4100e+07  3.0300e+02  1.0065e+03  0.0000e+00  1.0000e+00  9.1784e+02  1.0065e+03  9.5920e-05  7.9998e-04 
 4.2000e-01  2.4200e+07  3.0300e+02  1.0066e+03  0.0000e+00  1.0000e+00  9.1841e+02  1.0066e+03  9.6071e-05  7.9998e-04 
 4.3000e-01  2.4300e+07  3.0300e+02  1.0066e+03  0.0000e+00  1.0000e+00  9.1899e+02  1.0066e+03  9.6223e-05  7.9998e-04 
 4.4000e-01  2.4400e+07  3.0300e+02  1.0067e+03  0.0000e+00  1.0000e+00  9.1956e+02  1.0067e+03  9.6374e-05  7.9998e-04 
 4.5000e-01  2.4500e+07  3.0300e+02  1.0067e+03  0.0000e+00  1.0000e+00  9.2013e+02  1.0067e+03  9.6525e-05  7.9998e-04 
 4.6000e-01  2.4600e+07  3.0300e+02  1.0068e+03  0.0000e+00  1.0000e+00  9.2070e+02  1.0068e+03  9.6676e-05  7.9998e-04 
 4.7000e-01  2.4700e+07  3.0300e+02  1.0068e+03  0.0000e+00  1.0000e+00  9.2128e+02  1.0068e+03  9.6827e-05  7.9998e-04 
 4.8000e-01  2.4800e+07  3.0300e+02  1.0069e+03  0.0000e+00  1.0000e+00  9.2185e+02  1.0069e+03  9.6979e-05  7.9998e-04 
 4.9000e-01  2.4900e+07  3.0300e+02  1.0069e+03  0.0000e+00  1.0000e+00  9.2242e+02  1.0069e+03  9.7130e-05  7.9998e-04 
 5.0000e-01  2.5000e+07  3.0300e+02  1.0070e+03  0.0000e+00  1.0000e+00  9.2300e+02  1.0070e+03  9.7281e-05  7.9998e-04 
 5.1000e-01  2.5100e+07  3.0300e+02  1.0070e+03  0.0000e+00  1.0000e+00  9.2357e+02  1.0070e+03  9.7432e-05  7.9998e-04 
 5.2000e-01  2.5200e+07  3.0300e+02  1.0070e+03  0.0000e+00  1.0000e+00  9.2412e+02  1.0070e+03  9.7580e-05  7.9998e-04 
 5.3000e-01  2.5300e+07  3.0300e+02  1.0071e+03  0.0000e+00  1.0000e+00  9.2467e+02  1.0071e+03  9.7728e-05  7.9998e-04 
 5.4000e-01  2.5400e+07  3.0300e+02  1.0071e+03  0.0000e+00  1.0000e+00  9.2521e+02  1.0071e+03  9.7876e-05  7.9998e-04 
 5.5000e-01  2.5500e+07  3.0300e+02  1.0072e+03  0.0000e+00  1.0000e+00  9.2576e+02  1.0072e+03  9.8024e-05  7.9998e-04 
 5.6000e-01  2.5600e+07  3.0300e+02  1.0072e+03  0.0000e+00  1.0000e+00  9.2631e+02  1.0072e+03  9.8172e-05  7.9998e-04 
 5.7000e-01  2.5700e+07  3.0300e+02  1.0073e+03  0.0000e+00  1.0000e+00  9.2686e+02  1.0073e+03  9.8320e-05  7.9998e-04 
 5.8000e-01  2.5800e+07  3.0300e+02  1.0073e+03  0.0000e+00  1.0000e+00  9.2741e+02  1.0073e+03  9.8468e-05  7.9998e-04 
 5.9000e-01  2.5900e+07  3.0300e+02  1.0074e+03  0.0000e+00  1.0000e+00  9.2796e+02  1.0074e+03  9.8616e-05  7.9998e-04 
 6.0000e-01  2.6000e+07  3.0300e+02  1.0074e+03  0.0000e+00  1.0000e+00  9.2851e+02  1.0074e+03  9.8764e-05  7.9998e-04 
 6.1000e-01  2.6100e+07  3.0300e+02  1.0075e+03  0.0000e+00  1.0000e+00  9.2906e+02  1.0075e+03  9.8912e-05  7.9998e-04 
 6.2000e-01  2.6200e+07  3.0300e+02  1.0075e+03  0.0000e+00  1.0000e+00  9.2958e+02  1.0075e+03  9.9057e-05  7.9998e-04 
 6.3000e-01  2.6300e+07  3.0300e+02  1.0075e+03  0.0000e+00  1.0000e+00  9.3011e+02  1.0075e+03  9.9202e-05  7.9998e-04 
 6.4000e-01  2.6400e+07  3.0300e+02  1.0076e+03  0.0000e+00  1.0000e+00  9.3064e+02  1.0076e+03  9.9347e-05  7.9998e-04 
 6.5000e-01  2.6500e+07  3.0300e+02  1.0076e+03  0.0000e+00  1.0000e+00  9.3117e+02  1.0076e+03  9.9492e-05  7.9998e-04 
 6.6000e-01  2.6600e+07  3.0300e+02  1.0077e+03  0.0000e+00  1.0000e+00  9.3169e+02  1.0077e+03  9.9637e-05  7.9998e-04 
 6.7000e-01  2.6700e+07  3.0300e+02  1.0077e+03  0.0000e+00  1.0000e+00  9.3222e+02  1.0077e+03  9.9782e-05  7.9998e-04 
 6.8000e-01  2.6800e+07  3.0300e+02  1.0078e+03  0.0000e+00  1.0000e+00  9.3275e+02  1.0078e+03  9.9927e-05  7.9998e-04 
 6.9000e-01  2.6900e+07  3.0300e+02  1.0078e+03  0.0000e+00  1.0000e+00  9.3327e+02  1.0078e+03  1.0007e-04  7.9998e-04 
 7.0000e-01  2.7000e+07  3.0300e+02  1.0079e+03  0.0000e+00  1.0000e+00  9.3380e+02  1.0079e+03  1.0022e-04  7.9998e-04 
 7.1000e-01  2.7100e+07  3.0300e+02  1.0079e+03  0.0000e+00  1.0000e+00  9.3433e+02  1.0079e+03  1.0036e-04  7.9998e-04 
 7.2000e-01  2.7200e+07  3.0300e+02  1.0080e+03  0.0000e+00  1.0000e+00  9.3483e+02  1.0080e+03  1.0050e-04  7.9998e-04 
 7.3000e-01  2.7300e+07  3.0300e+02  1.0080e+03  0.0000e+00  1.0000e+00  9.3534e+02  1.0080e+03  1.0065e-04  7.9998e-04 
 7.4000e-01  2.7400e+07  3.0300e+02  1.0080e+03  0.0000e+00  1.0000e+00  9.3585e+02  1.0080e+03  1.0079e-04  7.9998e-04 
 7.5000e-01  2.7500e+07  3.0300e+02  1.0081e+03  0.0000e+00  1.0000e+00  9.3636e+02  1.0081e+03  1.0093e-04  7.9998e-04 
 7.6000e-01  2.7600e+07  3.0300e+02  1.0081e+03  0.0000e+00  1.0000e+00  9.3686e+02  1.0081e+03  1.0107e-04  7.9998e-04 
 7.7000e-01  2.7700e+07  3.0300e+02  1.0082e+03  0.0000e+00  1.0000e+00  9.3737e+02  1.0082e+03  1.0122e-04  7.9998e-04 
 7.8000e-01  2.7800e+07  3.0300e+02  1.0082e+03  0.0000e+00  1.0000e+00  9.3788e+02  1.0082e+03  1.0136e-04  7.9998e-04 
 7.9000e-01  2.7900e+07  3.0300e+02  1.0083e+03  0.0000e+00  1.0000e+00  9.3838e+02  1.0083e+03  1.0150e-04  7.9998e-04 
 8.0000e-01  2.8000e+07  3.0300e+02  1.0083e+03  0.0000e+00  1.0000e+00  9.3889e+02  1.0083e+03  1.0164e-04  7.9998e-04 
 8.1000e-01  2.8100e+07  3.0300e+02  1.0084e+03  0.0000e+00  1.0000e+00  9.3940e+02  1.0084e+03  1.0178e-04  7.9998e-04 
 8.2000e-01  2.8200e+07  3.0300e+02  1.0084e+03  0.0000e+00  1.0000e+00  9.3989e+02  1.0084e+03  1.0192e-04  7.9998e-04 
 8.3000e-01  2.8300e+07  3.0300e+02  1.0085e+03  0.0000e+00  1.0000e+00  9.4038e+02  1.0085e+03  1.0206e-04  7.9998e-04 
 8.4000e-01  2.8400e+07  3.0300e+02  1.0085e+03  0.0000e+00  1.0000e+00  9.4086e+02  1.0085e+03  1.0220e-04  7.9998e-04 
 8.5000e-01  2.8500e+07  3.0300e+02  1.0085e+03  0.0000e+00  1.0000e+00  9.4135e+02  1.0085e+03  1.0234e-04  7.9998e-04 
 8.6000e-01  2.8600e+07  3.0300e+02  1.0086e+03  0.0000e+00  1.0000e+00  9.4184e+02  1.0086e+03  1.0248e-04  7.9998e-04 
 8.7000e-01  2.8700e+07  3.0300e+02  1.0086e+03  0.0000e+00  1.0000e+00  9.4233e+02  1.0086e+03  1.0262e-04  7.9998e-04 
 8.8000e-01  2.8800e+07  3.0300e+02  1.0087e+03  0.0000e+00  1.0000e+00  9.4282e+02  1.0087e+03  1.0276e-04  7.9998e-04 
 8.9000e-01  2.8900e+07  3.0300e+02  1.0087e+03  0.0000e+00  1.0000e+00  9.4331e+02  1.0087e+03  1.0290e-04  7.9998e-04 
 9.0000e-01  2.9000e+07  3.0300e+02  1.0088e+03  0.0000e+00  1.0000e+00  9.4380e+02  1.0088e+03  1.0304e-04  7.9998e-04 
 9.1000e-01  2.9100e+07  3.0300e+02  1.0088e+03  0.0000e+00  1.0000e+00  9.4429e+02  1.0088e+03  1.0318e-04  7.9998e-04 
 9.2000e-01  2.9200e+07  3.0300e+02  1.0089e+03  0.0000e+00  1.0000e+00  9.4476e+02  1.0089e+03  1.0332e-04  7.9998e-04 
 9.3000e-01  2.9300e+07  3.0300e+02  1.0089e+03  0.0000e+00  1.0000e+00  9.4523e+02  1.0089e+03  1.0346e-04  7.9998e-04 
 9.4000e-01  2.9400e+07  3.0300e+02  1.0090e+03  0.0000e+00  1.0000e+00  9.4570e+02  1.0090e+03  1.0360e-04  7.9998e-04 
 9.5000e-01  2.9500e+07  3.0300e+02  1.0090e+03  0.0000e+00  1.0000e+00  9.4617e+02  1.0090e+03  1.0373e-04  7.9998e-04 
 9.6000e-01  2.9600e+07  3.0300e+02  1.0090e+03  0.0000e+00  1.0000e+00  9.4665e+02  1.0090e+03  1.0387e-04  7.9998e-04 
 9.7000e-01  2.9700e+07  3.0300e+02  1.0091e+03  0.0000e+00  1.0000e+00  9.4712e+02  1.0091e+03  1.0401e-04  7.9998e-04 
 9.8000e-01  2.9800e+07  3.0300e+02  1.0091e+03  0.0000e+00  1.0000e+00  9.4759e+02  1.0091e+03  1.0415e-04  7.9998e-04 
 9.9000e-01  2.9900e+07  3.0300e+02  1.0092e+03  0.0000e+00  1.0000e+00  9.4806e+02  1.0092e+03  1.0428e-04  7.9998e-04 
 1.0000e+00  3.0000e+07  3.0300e+02  1.0092e+03  0.0000e+00  1.0000e+00  9.4853e+02  1.0092e+03  1.0442e-04  7.9998e-04 
