# column 1 = time
# column 2 = pressure
# column 3 = temperature
# column 4 = density
# columns 5-6 = phase fractions
# columns 7-8 = phase densities
# columns 9-10 = phase viscosities
 0.0000e+00  2.0000e+07  3.4300e+02  9.8667e+02  0.0000e+00  1.0000e+00  6.5991e+02  9.8667e+02  5.2530e-05  4.0444e-04 
 1.0000e-02  2.0100e+07  3.4300e+02  9.8671e+02  0.0000e+00  1.0000e+00  6.6204e+02  9.8671e+02  5.2768e-05  4.0444e-04 
 2.0000e-02  2.0200e+07  3.4300e+02  9.8676e+02  0.0000e+00  1.0000e+00  6.6392e+02  9.8676e+02  5.2988e-05  4.0444e-04 
 3.0000e-02  2.0300e+07  3.4300e+02  9.8680e+02  0.0000e+00  1.0000e+00  6.6580e+02  9.8680e+02  5.3209e-05  4.0444e-04 
 4.0000e-02  2.0400e+07  3.4300e+02  9.8685e+02  0.0000e+00  1.0000e+00  6.6768e+02  9.8685e+02  5.3429e-05  4.0444e-04 
 5.0000e-02  2.0500e+07  3.4300e+02  9.8689e+02  0.0000e+00  1.0000e+00  6.6956e+02  9.8689e+02  5.3649e-05  4.0444e-04 
 6.0000e-02  2.0600e+07  3.4300e+02  9.8693e+02  0.0000e+00  1.0000e+00  6.7144e+02  9.8693e+02  5.3869e-05  4.0444e-04 
 7.0000e-02  2.0700e+07  3.4300e+02  9.8698e+02  0.0000e+00  1.0000e+00  6.7332e+02  9.8698e+02  5.4090e-05  4.0444e-04 
 8.0000e-02  2.0800e+07  3.4300e+02  9.8702e+02  0.0000e+00  1.0000e+00  6.7519e+02  9.8702e+02  5.4310e-05  4.0444e-04 
 9.0000e-02  2.0900e+07  3.4300e+02  9.8707e+02  0.0000e+00  1.0000e+00  6.7707e+02  9.8707e+02  5.4530e-05  4.0444e-04 
 1.0000e-01  2.1000e+07  3.4300e+02  9.8711e+02  0.0000e+00  1.0000e+00  6.7895e+02  9.8711e+02  5.4751e-05  4.0444e-04 
 1.1000e-01  2.1100e+07  3.4300e+02  9.8716e+02  0.0000e+00  1.0000e+00  6.8083e+02  9.8716e+02  5.4971e-05  4.0444e-04 
 1.2000e-01  2.1200e+07  3.4300e+02  9.8720e+02  0.0000e+00  1.0000e+00  6.8250e+02  9.8720e+02  5.5176e-05  4.0444e-04 
 1.3000e-01  2.1300e+07  3.4300e+02  9.8725e+02  0.0000e+00  1.0000e+00  6.8418e+02  9.8725e+02  5.5381e-05  4.0444e-04 
 1.4000e-01  2.1400e+07  3.4300e+02  9.8729e+02  0.0000e+00  1.0000e+00  6.8585e+02  9.8729e+02  5.5587e-05  4.0444e-04 
 1.5000e-01  2.1500e+07  3.4300e+02  9.8733e+02  0.0000e+00  1.0000e+00  6.8752e+02  9.8733e+02  5.5792e-05  4.0444e-04 
 1.6000e-01  2.1600e+07  3.4300e+02  9.8738e+02  0.0000e+00  1.0000e+00  6.8920e+02  9.8738e+02  5.5997e-05  4.0444e-04 
 1.7000e-01  2.1700e+07  3.4300e+02  9.8742e+02  0.0000e+00  1.0000e+00  6.9087e+02  9.8742e+02  5.6202e-05  4.0444e-04 
 1.8000e-01  2.1800e+07  3.4300e+02  9.8747e+02  0.0000e+00  1.0000e+00  6.9255e+02  9.8747e+02  5.6408e-05  4.0444e-04 
 1.9000e-01  2.1900e+07  3.4300e+02  9.8751e+02  0.0000e+00  1.0000e+00  6.9422e+02  9.8751e+02  5.6613e-05  4.0444e-04 
 2.0000e-01  2.2000e+07  3.4300e+02  9.8756e+02  0.0000e+00  1.0000e+00  6.9589e+02  9.8756e+02  5.6818e-05  4.0444e-04 
 2.1000e-01  2.2100e+07  3.4300e+02  9.8760e+02  0.0000e+00  1.0000e+00  6.9757e+02  9.8760e+02  5.7023e-05  4.0444e-04 
 2.2000e-01  2.2200e+07  3.4300e+02  9.8765e+02  0.0000e+00  1.0000e+00  6.9907e+02  9.8765e+02  5.7216e-05  4.0444e-04 
 2.3000e-01  2.2300e+07  3.4300e+02  9.8769e+02  0.0000e+00  1.0000e+00  7.0058e+02  9.8769e+02  5.7409e-05  4.0444e-04 
 2.4000e-01  2.2400e+07  3.4300e+02  9.8773e+02  0.0000e+00  1.0000e+00  7.0209e+02  9.8773e+02  5.7601e-05  4.0444e-04 
 2.5000e-01  2.2500e+07  3.4300e+02  9.8778e+02  0.0000e+00  1.0000e+00  7.0359e+02  9.8778e+02  5.7794e-05  4.0444e-04 
 2.6000e-01  2.2600e+07  3.4300e+02  9.8782e+02  0.0000e+00  1.0000e+00  7.0510e+02  9.8782e+02  5.7986e-05  4.0444e-04 
 2.7000e-01  2.2700e+07  3.4300e+02  9.8787e+02  0.0000e+00  1.0000e+00  7.0661e+02  9.8787e+02  5.8179e-05  4.0444e-04 
 2.8000e-01  2.2800e+07  3.4300e+02  9.8791e+02  0.0000e+00  1.0000e+00  7.0811e+02  9.8791e+02  5.8372e-05  4.0444e-04 
 2.9000e-01  2.2900e+07  3.4300e+02  9.8796e+02  0.0000e+00  1.0000e+00  7.0962e+02  9.8796e+02  5.8564e-05  4.0444e-04 
 3.0000e-01  2.3000e+07  3.4300e+02  9.8800e+02  0.0000e+00  1.0000e+00  7.1113e+02  9.8800e+02  5.8757e-05  4.0444e-04 
 3.1000e-01  2.3100e+07  3.4300e+02  9.8805e+02  0.0000e+00  1.0000e+00  7.1264e+02  9.8805e+02  5.8950e-05  4.0444e-04 
 3.2000e-01  2.3200e+07  3.4300e+02  9.8809e+02  0.0000e+00  1.0000e+00  7.1401e+02  9.8809e+02  5.9132e-05  4.0444e-04 
 3.3000e-01  2.3300e+07  3.4300e+02  9.8813e+02  0.0000e+00  1.0000e+00  7.1537e+02  9.8813e+02  5.9313e-05  4.0444e-04 
 3.4000e-01  2.3400e+07  3.4300e+02  9.8818e+02  0.0000e+00  1.0000e+00  7.1674e+02  9.8818e+02  5.9495e-05  4.0444e-04 
 3.5000e-01  2.3500e+07  3.4300e+02  9.8822e+02  0.0000e+00  1.0000e+00  7.1811e+02  9.8822e+02  5.9677e-05  4.0444e-04 
 3.6000e-01  2.3600e+07  3.4300e+02  9.8827e+02  0.0000e+00  1.0000e+00  7.1948e+02  9.8827e+02  5.9859e-05  4.0444e-04 
 3.7000e-01  2.3700e+07  3.4300e+02  9.8831e+02  0.0000e+00  1.0000e+00  7.2085e+02  9.8831e+02  6.0041e-05  4.0444e-04 
 3.8000e-01  2.3800e+07  3.4300e+02  9.8836e+02  0.0000e+00  1.0000e+00  7.2222e+02  9.8836e+02  6.0223e-05  4.0444e-04 
 3.9000e-01  2.3900e+07  3.4300e+02  9.8840e+02  0.0000e+00  1.0000e+00  7.2359e+02  9.8840e+02  6.0405e-05  4.0444e-04 
 4.0000e-01  2.4000e+07  3.4300e+02  9.8845e+02  0.0000e+00  1.0000e+00  7.2496e+02  9.8845e+02  6.0587e-05  4.0444e-04 
 4.1000e-01  2.4100e+07  3.4300e+02  9.8849e+02  0.0000e+00  1.0000e+00  7.2633e+02  9.8849e+02  6.0769e-05  4.0444e-04 
 4.2000e-01  2.4200e+07  3.4300e+02  9.8853e+02  0.0000e+00  1.0000e+00  7.2759e+02  9.8853e+02  6.0941e-05  4.0444e-04 
 4.3000e-01  2.4300e+07  3.4300e+02  9.8858e+02  0.0000e+00  1.0000e+00  7.2884e+02  9.8858e+02  6.1114e-05  4.0444e-04 
 4.4000e-01  2.4400e+07  3.4300e+02  9.8862e+02  0.0000e+00  1.0000e+00  7.3010e+02  9.8862e+02  6.1287e-05  4.0444e-04 
 4.5000e-01  2.4500e+07  3.4300e+02  9.8867e+02  0.0000e+00  1.0000e+00  7.3135e+02  9.8867e+02  6.1460e-05  4.0444e-04 
 4.6000e-01  2.4600e+07  3.4300e+02  9.8871e+02  0.0000e+00  1.0000e+00  7.3261e+02  9.8871e+02  6.1632e-05  4.0444e-04 
 4.7000e-01  2.4700e+07  3.4300e+02  9.8876e+02  0.0000e+00  1.0000e+00  7.3386e+02  9.8876e+02  6.1805e-05  4.0444e-04 
 4.8000e-01  2.4800e+07  3.4300e+02  9.8880e+02  0.0000e+00  1.0000e+00  7.3511e+02  9.8880e+02  6.1978e-05  4.0444e-04 
 4.9000e-01  2.4900e+07  3.4300e+02  9.8885e+02  0.0000e+00  1.0000e+00  7.3637e+02  9.8885e+02  6.2151e-05  4.0444e-04 
 5.0000e-01  2.5000e+07  3.4300e+02  9.8889e+02  0.0000e+00  1.0000e+00  7.3762e+02  9.8889e+02  6.2323e-05  4.0444e-04 
 5.1000e-01  2.5100e+07  3.4300e+02  9.8894e+02  0.0000e+00  1.0000e+00  7.3888e+02  9.8894e+02  6.2496e-05  4.0444e-04 
 5.2000e-01  2.5200e+07  3.4300e+02  9.8898e+02  0.0000e+00  1.0000e+00  7.4004e+02  9.8898e+02  6.2661e-05  4.0444e-04 
 5.3000e-01  2.5300e+07  3.4300e+02  9.8902e+02  0.0000e+00  1.0000e+00  7.4119e+02  9.8902e+02  6.2826e-05  4.0444e-04 
 5.4000e-01  2.5400e+07  3.4300e+02  9.8907e+02  0.0000e+00  1.0000e+00  7.4235e+02  9.8907e+02  6.2990e-05  4.0444e-04 
 5.5000e-01  2.5500e+07  3.4300e+02  9.8911e+02  0.0000e+00  1.0000e+00  7.4351e+02  9.8911e+02  6.3155e-05  4.0444e-04 
 5.6000e-01  2.5600e+07  3.4300e+02  9.8916e+02  0.0000e+00  1.0000e+00  7.4467e+02  9.8916e+02  6.3320e-05  4.0444e-04 
 5.7000e-01  2.5700e+07  3.4300e+02  9.8920e+02  0.0000e+00  1.0000e+00  7.4582e+02  9.8920e+02  6.3485e-05  4.0444e-04 
 5.8000e-01  2.5800e+07  3.4300e+02  9.8925e+02  0.0000e+00  1.0000e+00  7.4698e+02  9.8925e+02  6.3649e-05  4.0444e-04 
 5.9000e-01  2.5900e+07  3.4300e+02  9.8929e+02  0.0000e+00  1.0000e+00  7.4814e+02  9.8929e+02  6.3814e-05  4.0444e-04 
 6.0000e-01  2.6000e+07  3.4300e+02  9.8934e+02  0.0000e+00  1.0000e+00  7.4930e+02  9.8934e+02  6.3979e-05  4.0444e-04 
 6.1000e-01  2.6100e+07  3.4300e+02  9.8938e+02  0.0000e+00  1.0000e+00  7.5045e+02  9.8938e+02  6.4144e-05  4.0444e-04 
 6.2000e-01  2.6200e+07  3.4300e+02  9.8942e+02  0.0000e+00  1.0000e+00  7.5153e+02  9.8942e+02  6.4302e-05  4.0444e-04 
 6.3000e-01  2.6300e+07  3.4300e+02  9.8947e+02  0.0000e+00  1.0000e+00  7.5260e+02  9.8947e+02  6.4460e-05  4.0444e-04 
 6.4000e-01  2.6400e+07  3.4300e+02  9.8951e+02  0.0000e+00  1.0000e+00  7.5368e+02  9.8951e+02  6.4618e-05  4.0444e-04 
 6.5000e-01  2.6500e+07  3.4300e+02  9.8956e+02  0.0000e+00  1.0000e+00  7.5475e+02  9.8956e+02  6.4775e-05  4.0444e-04 
 6.6000e-01  2.6600e+07  3.4300e+02  9.8960e+02  0.0000e+00  1.0000e+00  7.5583e+02  9.8960e+02  6.4933e-05  4.0444e-04 
 6.7000e-01  2.6700e+07  3.4300e+02  9.8965e+02  0.0000e+00  1.0000e+00  7.5690e+02  9.8965e+02  6.5091e-05  4.0444e-04 
 6.8000e-01  2.6800e+07  3.4300e+02  9.8969e+02  0.0000e+00  1.0000e+00  7.5797e+02  9.8969e+02  6.5249e-05  4.0444e-04 
 6.9000e-01  2.6900e+07  3.4300e+02  9.8974e+02  0.0000e+00  1.0000e+00  7.5905e+02  9.8974e+02  6.5407e-05  4.0444e-04 
 7.0000e-01  2.7000e+07  3.4300e+02  9.8978e+02  0.0000e+00  1.0000e+00  7.6012e+02  9.8978e+02  6.5565e-05  4.0444e-04 
 7.1000e-01  2.7100e+07  3.4300e+02  9.8983e+02  0.0000e+00  1.0000e+00  7.6120e+02  9.8983e+02  6.5723e-05  4.0444e-04 
 7.2000e-01  2.7200e+07  3.4300e+02  9.8987e+02  0.0000e+00  1.0000e+00  7.6220e+02  9.8987e+02  6.5874e-05  4.0444e-04 
 7.3000e-01  2.7300e+07  3.4300e+02  9.8991e+02  0.0000e+00  1.0000e+00  7.6320e+02  9.8991e+02  6.6026e-05  4.0444e-04 
 7.4000e-01  2.7400e+07  3.4300e+02  9.8996e+02  0.0000e+00  1.0000e+00  7.6420e+02  9.8996e+02  6.6178e-05  4.0444e-04 
 7.5000e-01  2.7500e+07  3.4300e+02  9.9000e+02  0.0000e+00  1.0000e+00  7.6521e+02  9.9000e+02  6.6330e-05  4.0444e-04 
 7.6000e-01  2.7600e+07  3.4300e+02  9.9005e+02  0.0000e+00  1.0000e+00  7.6621e+02  9.9005e+02  6.6482e-05  4.0444e-04 
 7.7000e-01  2.7700e+07  3.4300e+02  9.9009e+02  0.0000e+00  1.0000e+00  7.6721e+02  9.9009e+02  6.6634e-05  4.0444e-04 
 7.8000e-01  2.7800e+07  3.4300e+02  9.9014e+02  0.0000e+00  1.0000e+00  7.6821e+02  9.9014e+02  6.6785e-05  4.0444e-04 
 7.9000e-01  2.7900e+07  3.4300e+02  9.9018e+02  0.0000e+00  1.0000e+00  7.6922e+02  9.9018e+02  6.6937e-05  4.0444e-04 
 8.0000e-01  2.8000e+07  3.4300e+02  9.9023e+02  0.0000e+00  1.0000e+00  7.7022e+02  9.9023e+02  6.7089e-05  4.0444e-04 
 8.1000e-01  2.8100e+07  3.4300e+02  9.9027e+02  0.0000e+00  1.0000e+00  7.7122e+02  9.9027e+02  6.7241e-05  4.0444e-04 
 8.2000e-01  2.8200e+07  3.4300e+02  9.9032e+02  0.0000e+00  1.0000e+00  7.7216e+02  9.9032e+02  6.7387e-05  4.0444e-04 
 8.3000e-01  2.8300e+07  3.4300e+02  9.9036e+02  0.0000e+00  1.0000e+00  7.7310e+02  9.9036e+02  6.7534e-05  4.0444e-04 
 8.4000e-01  2.8400e+07  3.4300e+02  9.9040e+02  0.0000e+00  1.0000e+00  7.7404e+02  9.9040e+02  6.7680e-05  4.0444e-04 
 8.5000e-01  2.8500e+07  3.4300e+02  9.9045e+02  0.0000e+00  1.0000e+00  7.7498e+02  9.9045e+02  6.7827e-05  4.0444e-04 
 8.6000e-01  2.8600e+07  3.4300e+02  9.9049e+02  0.0000e+00  1.0000e+00  7.7592e+02  9.9049e+02  6.7973e-05  4.0444e-04 
 8.7000e-01  2.8700e+07  3.4300e+02  9.9054e+02  0.0000e+00  1.0000e+00  7.7686e+02  9.9054e+02  6.8120e-05  4.0444e-04 
 8.8000e-01  2.8800e+07  3.4300e+02  9.9058e+02  0.0000e+00  1.0000e+00  7.7780e+02  9.9058e+02  6.8266e-05  4.0444e-04 
 8.9000e-01  2.8900e+07  3.4300e+02  9.9063e+02  0.0000e+00  1.0000e+00  7.7874e+02  9.9063e+02  6.8413e-05  4.0444e-04 
 9.0000e-01  2.9000e+07  3.4300e+02  9.9067e+02  0.0000e+00  1.0000e+00  7.7968e+02  9.9067e+02  6.8559e-05  4.0444e-04 
 9.1000e-01  2.9100e+07  3.4300e+02  9.9072e+02  0.0000e+00  1.0000e+00  7.8062e+02  9.9072e+02  6.8706e-05  4.0444e-04 
 9.2000e-01  2.9200e+07  3.4300e+02  9.9076e+02  0.0000e+00  1.0000e+00  7.8150e+02  9.9076e+02  6.8847e-05  4.0444e-04 
 9.3000e-01  2.9300e+07  3.4300e+02  9.9081e+02  0.0000e+00  1.0000e+00  7.8239e+02  9.9081e+02  6.8989e-05  4.0444e-04 
 9.4000e-01  2.9400e+07  3.4300e+02  9.9085e+02  0.0000e+00  1.0000e+00  7.8327e+02  9.9085e+02  6.9131e-05  4.0444e-04 
 9.5000e-01  2.9500e+07  3.4300e+02  9.9090e+02  0.0000e+00  1.0000e+00  7.8416e+02  9.9090e+02  6.9272e-05  4.0444e-04 
 9.6000e-01  2.9600e+07  3.4300e+02  9.9094e+02  0.0000e+00  1.0000e+00  7.8504e+02  9.9094e+02  6.9414e-05  4.0444e-04 
 9.7000e-01  2.9700e+07  3.4300e+02  9.9098e+02  0.0000e+00  1.0000e+00  7.8593e+02  9.9098e+02  6.9556e-05  4.0444e-04 
 9.8000e-01  2.9800e+07  3.4300e+02  9.9103e+02  0.0000e+00  1.0000e+00  7.8681e+02  9.9103e+02  6.9698e-05  4.0444e-04 
 9.9000e-01  2.9900e+07  3.4300e+02  9.9107e+02  0.0000e+00  1.0000e+00  7.8770e+02  9.9107e+02  6.9839e-05  4.0444e-04 
 1.0000e+00  3.0000e+07  3.4300e+02  9.9112e+02  0.0000e+00  1.0000e+00  7.8858e+02  9.9112e+02  6.9981e-05  4.0444e-04 
