# column 1 = time
# column 2 = pressure
# column 3 = temperature
# column 4 = density
# columns 5-6 = phase fractions
# columns 7-8 = phase densities
# columns 9-10 = phase viscosities
 0.0000e+00  2.0000e+07  3.3300e+02  9.9215e+02  0.0000e+00  1.0000e+00  7.2453e+02  9.9215e+02  6.0159e-05  4.6721e-04 
 1.0000e-02  2.0100e+07  3.3300e+02  9.9220e+02  0.0000e+00  1.0000e+00  7.2620e+02  9.9220e+02  6.0381e-05  4.6721e-04 
 2.0000e-02  2.0200e+07  3.3300e+02  9.9224e+02  0.0000e+00  1.0000e+00  7.2769e+02  9.9224e+02  6.0588e-05  4.6721e-04 
 3.0000e-02  2.0300e+07  3.3300e+02  9.9229e+02  0.0000e+00  1.0000e+00  7.2918e+02  9.9229e+02  6.0794e-05  4.6721e-04 
 4.0000e-02  2.0400e+07  3.3300e+02  9.9233e+02  0.0000e+00  1.0000e+00  7.3067e+02  9.9233e+02  6.1001e-05  4.6721e-04 
 5.0000e-02  2.0500e+07  3.3300e+02  9.9238e+02  0.0000e+00  1.0000e+00  7.3215e+02  9.9238e+02  6.1208e-05  4.6721e-04 
 6.0000e-02  2.0600e+07  3.3300e+02  9.9242e+02  0.0000e+00  1.0000e+00  7.3364e+02  9.9242e+02  6.1414e-05  4.6721e-04 
 7.0000e-02  2.0700e+07  3.3300e+02  9.9247e+02  0.0000e+00  1.0000e+00  7.3513e+02  9.9247e+02  6.1621e-05  4.6721e-04 
 8.0000e-02  2.0800e+07  3.3300e+02  9.9251e+02  0.0000e+00  1.0000e+00  7.3662e+02  9.9251e+02  6.1827e-05  4.6721e-04 
 9.0000e-02  2.0900e+07  3.3300e+02  9.9256e+02  0.0000e+00  1.0000e+00  7.3811e+02  9.9256e+02  6.2034e-05  4.6721e-04 
 1.0000e-01  2.1000e+07  3.3300e+02  9.9260e+02  0.0000e+00  1.0000e+00  7.3959e+02  9.9260e+02  6.2241e-05  4.6721e-04 
 1.1000e-01  2.1100e+07  3.3300e+02  9.9264e+02  0.0000e+00  1.0000e+00  7.4108e+02  9.9264e+02  6.2447e-05  4.6721e-04 
 1.2000e-01  2.1200e+07  3.3300e+02  9.9269e+02  0.0000e+00  1.0000e+00  7.4242e+02  9.9269e+02  6.2641e-05  4.6721e-04 
 1.3000e-01  2.1300e+07  3.3300e+02  9.9273e+02  0.0000e+00  1.0000e+00  7.4376e+02  9.9273e+02  6.2835e-05  4.6721e-04 
 1.4000e-01  2.1400e+07  3.3300e+02  9.9278e+02  0.0000e+00  1.0000e+00  7.4510e+02  9.9278e+02  6.3029e-05  4.6721e-04 
 1.5000e-01  2.1500e+07  3.3300e+02  9.9282e+02  0.0000e+00  1.0000e+00  7.4645e+02  9.9282e+02  6.3222e-05  4.6721e-04 
 1.6000e-01  2.1600e+07  3.3300e+02  9.9287e+02  0.0000e+00  1.0000e+00  7.4779e+02  9.9287e+02  6.3416e-05  4.6721e-04 
 1.7000e-01  2.1700e+07  3.3300e+02  9.9291e+02  0.0000e+00  1.0000e+00  7.4913e+02  9.9291e+02  6.3610e-05  4.6721e-04 
 1.8000e-01  2.1800e+07  3.3300e+02  9.9296e+02  0.0000e+00  1.0000e+00  7.5047e+02  9.9296e+02  6.3804e-05  4.6721e-04 
 1.9000e-01  2.1900e+07  3.3300e+02  9.9300e+02  0.0000e+00  1.0000e+00  7.5181e+02  9.9300e+02  6.3997e-05  4.6721e-04 
 2.0000e-01  2.2000e+07  3.3300e+02  9.9305e+02  0.0000e+00  1.0000e+00  7.5315e+02  9.9305e+02  6.4191e-05  4.6721e-04 
 2.1000e-01  2.2100e+07  3.3300e+02  9.9309e+02  0.0000e+00  1.0000e+00  7.5449e+02  9.9309e+02  6.4385e-05  4.6721e-04 
 2.2000e-01  2.2200e+07  3.3300e+02  9.9314e+02  0.0000e+00  1.0000e+00  7.5571e+02  9.9314e+02  6.4568e-05  4.6721e-04 
 2.3000e-01  2.2300e+07  3.3300e+02  9.9318e+02  0.0000e+00  1.0000e+00  7.5693e+02  9.9318e+02  6.4751e-05  4.6721e-04 
 2.4000e-01  2.2400e+07  3.3300e+02  9.9323e+02  0.0000e+00  1.0000e+00  7.5815e+02  9.9323e+02  6.4934e-05  4.6721e-04 
 2.5000e-01  2.2500e+07  3.3300e+02  9.9327e+02  0.0000e+00  1.0000e+00  7.5938e+02  9.9327e+02  6.5117e-05  4.6721e-04 
 2.6000e-01  2.2600e+07  3.3300e+02  9.9331e+02  0.0000e+00  1.0000e+00  7.6060e+02  9.9331e+02  6.5300e-05  4.6721e-04 
 2.7000e-01  2.2700e+07  3.3300e+02  9.9336e+02  0.0000e+00  1.0000e+00  7.6182e+02  9.9336e+02  6.5483e-05  4.6721e-04 
 2.8000e-01  2.2800e+07  3.3300e+02  9.9340e+02  0.0000e+00  1.0000e+00  7.6304e+02  9.9340e+02  6.5666e-05  4.6721e-04 
 2.9000e-01  2.2900e+07  3.3300e+02  9.9345e+02  0.0000e+00  1.0000e+00  7.6426e+02  9.9345e+02  6.5849e-05  4.6721e-04 
 3.0000e-01  2.3000e+07  3.3300e+02  9.9349e+02  0.0000e+00  1.0000e+00  7.6548e+02  9.9349e+02  6.6032e-05  4.6721e-04 
 3.1000e-01  2.3100e+07  3.3300e+02  9.9354e+02  0.0000e+00  1.0000e+00  7.6670e+02  9.9354e+02  6.6215e-05  4.6721e-04 
 3.2000e-01  2.3200e+07  3.3300e+02  9.9358e+02  0.0000e+00  1.0000e+00  7.6782e+02  9.9358e+02  6.6389e-05  4.6721e-04 
 3.3000e-01  2.3300e+07  3.3300e+02  9.9363e+02  0.0000e+00  1.0000e+00  7.6894e+02  9.9363e+02  6.6563e-05  4.6721e-04 
 3.4000e-01  2.3400e+07  3.3300e+02  9.9367e+02  0.0000e+00  1.0000e+00  7.7006e+02  9.9367e+02  6.6737e-05  4.6721e-04 
 3.5000e-01  2.3500e+07  3.3300e+02  9.9372e+02  0.0000e+00  1.0000e+00  7.7119e+02  9.9372e+02  6.6911e-05  4.6721e-04 
 3.6000e-01  2.3600e+07  3.3300e+02  9.9376e+02  0.0000e+00  1.0000e+00  7.7231e+02  9.9376e+02  6.7085e-05  4.6721e-04 
 3.7000e-01  2.3700e+07  3.3300e+02  9.9381e+02  0.0000e+00  1.0000e+00  7.7343e+02  9.9381e+02  6.7259e-05  4.6721e-04 
 3.8000e-01  2.3800e+07  3.3300e+02  9.9385e+02  0.0000e+00  1.0000e+00  7.7455e+02  9.9385e+02  6.7433e-05  4.6721e-04 
 3.9000e-01  2.3900e+07  3.3300e+02  9.9390e+02  0.0000e+00  1.0000e+00  7.7567e+02  9.9390e+02  6.7607e-05  4.6721e-04 
 4.0000e-01  2.4000e+07  3.3300e+02  9.9394e+02  0.0000e+00  1.0000e+00  7.7679e+02  9.9394e+02  6.7781e-05  4.6721e-04 
 4.1000e-01  2.4100e+07  3.3300e+02  9.9399e+02  0.0000e+00  1.0000e+00  7.7791e+02  9.9399e+02  6.7955e-05  4.6721e-04 
 4.2000e-01  2.4200e+07  3.3300e+02  9.9403e+02  0.0000e+00  1.0000e+00  7.7895e+02  9.9403e+02  6.8121e-05  4.6721e-04 
 4.3000e-01  2.4300e+07  3.3300e+02  9.9407e+02  0.0000e+00  1.0000e+00  7.7999e+02  9.9407e+02  6.8287e-05  4.6721e-04 
 4.4000e-01  2.4400e+07  3.3300e+02  9.9412e+02  0.0000e+00  1.0000e+00  7.8102e+02  9.9412e+02  6.8454e-05  4.6721e-04 
 4.5000e-01  2.4500e+07  3.3300e+02  9.9416e+02  0.0000e+00  1.0000e+00  7.8206e+02  9.9416e+02  6.8620e-05  4.6721e-04 
 4.6000e-01  2.4600e+07  3.3300e+02  9.9421e+02  0.0000e+00  1.0000e+00  7.8310e+02  9.9421e+02  6.8786e-05  4.6721e-04 
 4.7000e-01  2.4700e+07  3.3300e+02  9.9425e+02  0.0000e+00  1.0000e+00  7.8413e+02  9.9425e+02  6.8952e-05  4.6721e-04 
 4.8000e-01  2.4800e+07  3.3300e+02  9.9430e+02  0.0000e+00  1.0000e+00  7.8517e+02  9.9430e+02  6.9118e-05  4.6721e-04 
 4.9000e-01  2.4900e+07  3.3300e+02  9.9434e+02  0.0000e+00  1.0000e+00  7.8621e+02  9.9434e+02  6.9285e-05  4.6721e-04 
 5.0000e-01  2.5000e+07  3.3300e+02  9.9439e+02  0.0000e+00  1.0000e+00  7.8725e+02  9.9439e+02  6.9451e-05  4.6721e-04 
 5.1000e-01  2.5100e+07  3.3300e+02  9.9443e+02  0.0000e+00  1.0000e+00  7.8828e+02  9.9443e+02  6.9617e-05  4.6721e-04 
 5.2000e-01  2.5200e+07  3.3300e+02  9.9448e+02  0.0000e+00  1.0000e+00  7.8925e+02  9.9448e+02  6.9777e-05  4.6721e-04 
 5.3000e-01  2.5300e+07  3.3300e+02  9.9452e+02  0.0000e+00  1.0000e+00  7.9021e+02  9.9452e+02  6.9936e-05  4.6721e-04 
 5.4000e-01  2.5400e+07  3.3300e+02  9.9457e+02  0.0000e+00  1.0000e+00  7.9118e+02  9.9457e+02  7.0096e-05  4.6721e-04 
 5.5000e-01  2.5500e+07  3.3300e+02  9.9461e+02  0.0000e+00  1.0000e+00  7.9214e+02  9.9461e+02  7.0255e-05  4.6721e-04 
 5.6000e-01  2.5600e+07  3.3300e+02  9.9466e+02  0.0000e+00  1.0000e+00  7.9311e+02  9.9466e+02  7.0415e-05  4.6721e-04 
 5.7000e-01  2.5700e+07  3.3300e+02  9.9470e+02  0.0000e+00  1.0000e+00  7.9407e+02  9.9470e+02  7.0574e-05  4.6721e-04 
 5.8000e-01  2.5800e+07  3.3300e+02  9.9475e+02  0.0000e+00  1.0000e+00  7.9504e+02  9.9475e+02  7.0734e-05  4.6721e-04 
 5.9000e-01  2.5900e+07  3.3300e+02  9.9479e+02  0.0000e+00  1.0000e+00  7.9601e+02  9.9479e+02  7.0893e-05  4.6721e-04 
 6.0000e-01  2.6000e+07  3.3300e+02  9.9484e+02  0.0000e+00  1.0000e+00  7.9697e+02  9.9484e+02  7.1053e-05  4.6721e-04 
 6.1000e-01  2.6100e+07  3.3300e+02  9.9488e+02  0.0000e+00  1.0000e+00  7.9794e+02  9.9488e+02  7.1213e-05  4.6721e-04 
 6.2000e-01  2.6200e+07  3.3300e+02  9.9493e+02  0.0000e+00  1.0000e+00  7.9884e+02  9.9493e+02  7.1366e-05  4.6721e-04 
 6.3000e-01  2.6300e+07  3.3300e+02  9.9497e+02  0.0000e+00  1.0000e+00  7.9974e+02  9.9497e+02  7.1520e-05  4.6721e-04 
 6.4000e-01  2.6400e+07  3.3300e+02  9.9501e+02  0.0000e+00  1.0000e+00  8.0065e+02  9.9501e+02  7.1674e-05  4.6721e-04 
 6.5000e-01  2.6500e+07  3.3300e+02  9.9506e+02  0.0000e+00  1.0000e+00  8.0155e+02  9.9506e+02  7.1827e-05  4.6721e-04 
 6.6000e-01  2.6600e+07  3.3300e+02  9.9510e+02  0.0000e+00  1.0000e+00  8.0245e+02  9.9510e+02  7.1981e-05  4.6721e-04 
 6.7000e-01  2.6700e+07  3.3300e+02  9.9515e+02  0.0000e+00  1.0000e+00  8.0336e+02  9.9515e+02  7.2135e-05  4.6721e-04 
 6.8000e-01  2.6800e+07  3.3300e+02  9.9519e+02  0.0000e+00  1.0000e+00  8.0426e+02  9.9519e+02  7.2288e-05  4.6721e-04 
 6.9000e-01  2.6900e+07  3.3300e+02  9.9524e+02  0.0000e+00  1.0000e+00  8.0516e+02  9.9524e+02  7.2442e-05  4.6721e-04 
 7.0000e-01  2.7000e+07  3.3300e+02  9.9528e+02  0.0000e+00  1.0000e+00  8.0607e+02  9.9528e+02  7.2596e-05  4.6721e-04 
 7.1000e-01  2.7100e+07  3.3300e+02  9.9533e+02  0.0000e+00  1.0000e+00  8.0697e+02  9.9533e+02  7.2749e-05  4.6721e-04 
 7.2000e-01  2.7200e+07  3.3300e+02  9.9537e+02  0.0000e+00  1.0000e+00  8.0782e+02  9.9537e+02  7.2898e-05  4.6721e-04 
 7.3000e-01  2.7300e+07  3.3300e+02  9.9542e+02  0.0000e+00  1.0000e+00  8.0867e+02  9.9542e+02  7.3047e-05  4.6721e-04 
 7.4000e-01  2.7400e+07  3.3300e+02  9.9546e+02  0.0000e+00  1.0000e+00  8.0952e+02  9.9546e+02  7.3195e-05  4.6721e-04 
 7.5000e-01  2.7500e+07  3.3300e+02  9.9551e+02  0.0000e+00  1.0000e+00  8.1037e+02  9.9551e+02  7.3344e-05  4.6721e-04 
 7.6000e-01  2.7600e+07  3.3300e+02  9.9555e+02  0.0000e+00  1.0000e+00  8.1122e+02  9.9555e+02  7.3492e-05  4.6721e-04 
 7.7000e-01  2.7700e+07  3.3300e+02  9.9560e+02  0.0000e+00  1.0000e+00  8.1206e+02  9.9560e+02  7.3641e-05  4.6721e-04 
 7.8000e-01  2.7800e+07  3.3300e+02  9.9564e+02  0.0000e+00  1.0000e+00  8.1291e+02  9.9564e+02  7.3789e-05  4.6721e-04 
 7.9000e-01  2.7900e+07  3.3300e+02  9.9569e+02  0.0000e+00  1.0000e+00  8.1376e+02  9.9569e+02  7.3938e-05  4.6721e-04 
 8.0000e-01  2.8000e+07  3.3300e+02  9.9573e+02  0.0000e+00  1.0000e+00  8.1461e+02  9.9573e+02  7.4086e-05  4.6721e-04 
 8.1000e-01  2.8100e+07  3.3300e+02  9.9578e+02  0.0000e+00  1.0000e+00  8.1546e+02  9.9578e+02  7.4235e-05  4.6721e-04 
 8.2000e-01  2.8200e+07  3.3300e+02  9.9582e+02  0.0000e+00  1.0000e+00  8.1626e+02  9.9582e+02  7.4379e-05  4.6721e-04 
 8.3000e-01  2.8300e+07  3.3300e+02  9.9587e+02  0.0000e+00  1.0000e+00  8.1706e+02  9.9587e+02  7.4523e-05  4.6721e-04 
 8.4000e-01  2.8400e+07  3.3300e+02  9.9591e+02  0.0000e+00  1.0000e+00  8.1787e+02  9.9591e+02  7.4667e-05  4.6721e-04 
 8.5000e-01  2.8500e+07  3.3300e+02  9.9596e+02  0.0000e+00  1.0000e+00  8.1867e+02  9.9596e+02  7.4811e-05  4.6721e-04 
 8.6000e-01  2.8600e+07  3.3300e+02  9.9600e+02  0.0000e+00  1.0000e+00  8.1947e+02  9.9600e+02  7.4955e-05  4.6721e-04 
 8.7000e-01  2.8700e+07  3.3300e+02  9.9605e+02  0.0000e+00  1.0000e+00  8.2027e+02  9.9605e+02  7.5099e-05  4.6721e-04 
 8.8000e-01  2.8800e+07  3.3300e+02  9.9609e+02  0.0000e+00  1.0000e+00  8.2107e+02  9.9609e+02  7.5243e-05  4.6721e-04 
 8.9000e-01  2.8900e+07  3.3300e+02  9.9613e+02  0.0000e+00  1.0000e+00  8.2187e+02  9.9613e+02  7.5387e-05  4.6721e-04 
 9.0000e-01  2.9000e+07  3.3300e+02  9.9618e+02  0.0000e+00  1.0000e+00  8.2268e+02  9.9618e+02  7.5531e-05  4.6721e-04 
 9.1000e-01  2.9100e+07  3.3300e+02  9.9622e+02  0.0000e+00  1.0000e+00  8.2348e+02  9.9622e+02  7.5675e-05  4.6721e-04 
 9.2000e-01  2.9200e+07  3.3300e+02  9.9627e+02  0.0000e+00  1.0000e+00  8.2424e+02  9.9627e+02  7.5815e-05  4.6721e-04 
 9.3000e-01  2.9300e+07  3.3300e+02  9.9631e+02  0.0000e+00  1.0000e+00  8.2500e+02  9.9631e+02  7.5954e-05  4.6721e-04 
 9.4000e-01  2.9400e+07  3.3300e+02  9.9636e+02  0.0000e+00  1.0000e+00  8.2576e+02  9.9636e+02  7.6094e-05  4.6721e-04 
 9.5000e-01  2.9500e+07  3.3300e+02  9.9640e+02  0.0000e+00  1.0000e+00  8.2652e+02  9.9640e+02  7.6234e-05  4.6721e-04 
 9.6000e-01  2.9600e+07  3.3300e+02  9.9645e+02  0.0000e+00  1.0000e+00  8.2728e+02  9.9645e+02  7.6374e-05  4.6721e-04 
 9.7000e-01  2.9700e+07  3.3300e+02  9.9649e+02  0.0000e+00  1.0000e+00  8.2803e+02  9.9649e+02  7.6514e-05  4.6721e-04 
 9.8000e-01  2.9800e+07  3.3300e+02  9.9654e+02  0.0000e+00  1.0000e+00  8.2879e+02  9.9654e+02  7.6654e-05  4.6721e-04 
 9.9000e-01  2.9900e+07  3.3300e+02  9.9658e+02  0.0000e+00  1.0000e+00  8.2955e+02  9.9658e+02  7.6794e-05  4.6721e-04 
 1.0000e+00  3.0000e+07  3.3300e+02  9.9663e+02  0.0000e+00  1.0000e+00  8.3031e+02  9.9663e+02  7.6934e-05  4.6721e-04 
