# column 1 = time
# column 2 = pressure
# column 3 = temperature
# column 4 = density
# columns 5-6 = phase fractions
# columns 7-8 = phase densities
# columns 9-10 = phase viscosities
 0.0000e+00  2.0000e+07  3.2300e+02  9.9703e+02  0.0000e+00  1.0000e+00  7.8510e+02  9.9703e+02  6.8807e-05  5.4809e-04 
 1.0000e-02  2.0100e+07  3.2300e+02  9.9708e+02  0.0000e+00  1.0000e+00  7.8636e+02  9.9708e+02  6.9010e-05  5.4809e-04 
 2.0000e-02  2.0200e+07  3.2300e+02  9.9712e+02  0.0000e+00  1.0000e+00  7.8751e+02  9.9712e+02  6.9201e-05  5.4809e-04 
 3.0000e-02  2.0300e+07  3.2300e+02  9.9717e+02  0.0000e+00  1.0000e+00  7.8866e+02  9.9717e+02  6.9392e-05  5.4809e-04 
 4.0000e-02  2.0400e+07  3.2300e+02  9.9721e+02  0.0000e+00  1.0000e+00  7.8981e+02  9.9721e+02  6.9582e-05  5.4809e-04 
 5.0000e-02  2.0500e+07  3.2300e+02  9.9726e+02  0.0000e+00  1.0000e+00  7.9096e+02  9.9726e+02  6.9773e-05  5.4809e-04 
 6.0000e-02  2.0600e+07  3.2300e+02  9.9730e+02  0.0000e+00  1.0000e+00  7.9211e+02  9.9730e+02  6.9964e-05  5.4809e-04 
 7.0000e-02  2.0700e+07  3.2300e+02  9.9734e+02  0.0000e+00  1.0000e+00  7.9326e+02  9.9734e+02  7.0155e-05  5.4809e-04 
 8.0000e-02  2.0800e+07  3.2300e+02  9.9739e+02  0.0000e+00  1.0000e+00  7.9441e+02  9.9739e+02  7.0346e-05  5.4809e-04 
 9.0000e-02  2.0900e+07  3.2300e+02  9.9743e+02  0.0000e+00  1.0000e+00  7.9556e+02  9.9743e+02  7.0537e-05  5.4809e-04 
 1.0000e-01  2.1000e+07  3.2300e+02  9.9748e+02  0.0000e+00  1.0000e+00  7.9671e+02  9.9748e+02  7.0728e-05  5.4809e-04 
 1.1000e-01  2.1100e+07  3.2300e+02  9.9752e+02  0.0000e+00  1.0000e+00  7.9786e+02  9.9752e+02  7.0919e-05  5.4809e-04 
 1.2000e-01  2.1200e+07  3.2300e+02  9.9757e+02  0.0000e+00  1.0000e+00  7.9891e+02  9.9757e+02  7.1100e-05  5.4809e-04 
 1.3000e-01  2.1300e+07  3.2300e+02  9.9761e+02  0.0000e+00  1.0000e+00  7.9997e+02  9.9761e+02  7.1281e-05  5.4809e-04 
 1.4000e-01  2.1400e+07  3.2300e+02  9.9766e+02  0.0000e+00  1.0000e+00  8.0102e+02  9.9766e+02  7.1462e-05  5.4809e-04 
 1.5000e-01  2.1500e+07  3.2300e+02  9.9770e+02  0.0000e+00  1.0000e+00  8.0208e+02  9.9770e+02  7.1643e-05  5.4809e-04 
 1.6000e-01  2.1600e+07  3.2300e+02  9.9775e+02  0.0000e+00  1.0000e+00  8.0313e+02  9.9775e+02  7.1824e-05  5.4809e-04 
 1.7000e-01  2.1700e+07  3.2300e+02  9.9779e+02  0.0000e+00  1.0000e+00  8.0419e+02  9.9779e+02  7.2006e-05  5.4809e-04 
 1.8000e-01  2.1800e+07  3.2300e+02  9.9784e+02  0.0000e+00  1.0000e+00  8.0524e+02  9.9784e+02  7.2187e-05  5.4809e-04 
 1.9000e-01  2.1900e+07  3.2300e+02  9.9788e+02  0.0000e+00  1.0000e+00  8.0629e+02  9.9788e+02  7.2368e-05  5.4809e-04 
 2.0000e-01  2.2000e+07  3.2300e+02  9.9793e+02  0.0000e+00  1.0000e+00  8.0735e+02  9.9793e+02  7.2549e-05  5.4809e-04 
 2.1000e-01  2.2100e+07  3.2300e+02  9.9797e+02  0.0000e+00  1.0000e+00  8.0840e+02  9.9797e+02  7.2730e-05  5.4809e-04 
 2.2000e-01  2.2200e+07  3.2300e+02  9.9802e+02  0.0000e+00  1.0000e+00  8.0938e+02  9.9802e+02  7.2903e-05  5.4809e-04 
 2.3000e-01  2.2300e+07  3.2300e+02  9.9806e+02  0.0000e+00  1.0000e+00  8.1035e+02  9.9806e+02  7.3076e-05  5.4809e-04 
 2.4000e-01  2.2400e+07  3.2300e+02  9.9811e+02  0.0000e+00  1.0000e+00  8.1133e+02  9.9811e+02  7.3249e-05  5.4809e-04 
 2.5000e-01  2.2500e+07  3.2300e+02  9.9815e+02  0.0000e+00  1.0000e+00  8.1230e+02  9.9815e+02  7.3422e-05  5.4809e-04 
 2.6000e-01  2.2600e+07  3.2300e+02  9.9820e+02  0.0000e+00  1.0000e+00  8.1328e+02  9.9820e+02  7.3595e-05  5.4809e-04 
 2.7000e-01  2.2700e+07  3.2300e+02  9.9824e+02  0.0000e+00  1.0000e+00  8.1425e+02  9.9824e+02  7.3768e-05  5.4809e-04 
 2.8000e-01  2.2800e+07  3.2300e+02  9.9829e+02  0.0000e+00  1.0000e+00  8.1523e+02  9.9829e+02  7.3941e-05  5.4809e-04 
 2.9000e-01  2.2900e+07  3.2300e+02  9.9833e+02  0.0000e+00  1.0000e+00  8.1620e+02  9.9833e+02  7.4114e-05  5.4809e-04 
 3.0000e-01  2.3000e+07  3.2300e+02  9.9838e+02  0.0000e+00  1.0000e+00  8.1717e+02  9.9838e+02  7.4287e-05  5.4809e-04 
 3.1000e-01  2.3100e+07  3.2300e+02  9.9842e+02  0.0000e+00  1.0000e+00  8.1815e+02  9.9842e+02  7.4460e-05  5.4809e-04 
 3.2000e-01  2.3200e+07  3.2300e+02  9.9847e+02  0.0000e+00  1.0000e+00  8.1906e+02  9.9847e+02  7.4626e-05  5.4809e-04 
 3.3000e-01  2.3300e+07  3.2300e+02  9.9851e+02  0.0000e+00  1.0000e+00  8.1996e+02  9.9851e+02  7.4792e-05  5.4809e-04 
 3.4000e-01  2.3400e+07  3.2300e+02  9.9856e+02  0.0000e+00  1.0000e+00  8.2087e+02  9.9856e+02  7.4958e-05  5.4809e-04 
 3.5000e-01  2.3500e+07  3.2300e+02  9.9860e+02  0.0000e+00  1.0000e+00  8.2178e+02  9.9860e+02  7.5124e-05  5.4809e-04 
 3.6000e-01  2.3600e+07  3.2300e+02  9.9865e+02  0.0000e+00  1.0000e+00  8.2268e+02  9.9865e+02  7.5290e-05  5.4809e-04 
 3.7000e-01  2.3700e+07  3.2300e+02  9.9869e+02  0.0000e+00  1.0000e+00  8.2359e+02  9.9869e+02  7.5456e-05  5.4809e-04 
 3.8000e-01  2.3800e+07  3.2300e+02  9.9874e+02  0.0000e+00  1.0000e+00  8.2450e+02  9.9874e+02  7.5622e-05  5.4809e-04 
 3.9000e-01  2.3900e+07  3.2300e+02  9.9878e+02  0.0000e+00  1.0000e+00  8.2541e+02  9.9878e+02  7.5788e-05  5.4809e-04 
 4.0000e-01  2.4000e+07  3.2300e+02  9.9883e+02  0.0000e+00  1.0000e+00  8.2631e+02  9.9883e+02  7.5953e-05  5.4809e-04 
 4.1000e-01  2.4100e+07  3.2300e+02  9.9887e+02  0.0000e+00  1.0000e+00  8.2722e+02  9.9887e+02  7.6119e-05  5.4809e-04 
 4.2000e-01  2.4200e+07  3.2300e+02  9.9892e+02  0.0000e+00  1.0000e+00  8.2807e+02  9.9892e+02  7.6279e-05  5.4809e-04 
 4.3000e-01  2.4300e+07  3.2300e+02  9.9896e+02  0.0000e+00  1.0000e+00  8.2892e+02  9.9896e+02  7.6439e-05  5.4809e-04 
 4.4000e-01  2.4400e+07  3.2300e+02  9.9901e+02  0.0000e+00  1.0000e+00  8.2977e+02  9.9901e+02  7.6599e-05  5.4809e-04 
 4.5000e-01  2.4500e+07  3.2300e+02  9.9905e+02  0.0000e+00  1.0000e+00  8.3062e+02  9.9905e+02  7.6759e-05  5.4809e-04 
 4.6000e-01  2.4600e+07  3.2300e+02  9.9910e+02  0.0000e+00  1.0000e+00  8.3147e+02  9.9910e+02  7.6919e-05  5.4809e-04 
 4.7000e-01  2.4700e+07  3.2300e+02  9.9914e+02  0.0000e+00  1.0000e+00  8.3231e+02  9.9914e+02  7.7079e-05  5.4809e-04 
 4.8000e-01  2.4800e+07  3.2300e+02  9.9919e+02  0.0000e+00  1.0000e+00  8.3316e+02  9.9919e+02  7.7238e-05  5.4809e-04 
 4.9000e-01  2.4900e+07  3.2300e+02  9.9923e+02  0.0000e+00  1.0000e+00  8.3401e+02  9.9923e+02  7.7398e-05  5.4809e-04 
 5.0000e-01  2.5000e+07  3.2300e+02  9.9928e+02  0.0000e+00  1.0000e+00  8.3486e+02  9.9928e+02  7.7558e-05  5.4809e-04 
 5.1000e-01  2.5100e+07  3.2300e+02  9.9932e+02  0.0000e+00  1.0000e+00  8.3571e+02  9.9932e+02  7.7718e-05  5.4809e-04 
 5.2000e-01  2.5200e+07  3.2300e+02  9.9937e+02  0.0000e+00  1.0000e+00  8.3651e+02  9.9937e+02  7.7872e-05  5.4809e-04 
 5.3000e-01  2.5300e+07  3.2300e+02  9.9941e+02  0.0000e+00  1.0000e+00  8.3731e+02  9.9941e+02  7.8027e-05  5.4809e-04 
 5.4000e-01  2.5400e+07  3.2300e+02  9.9946e+02  0.0000e+00  1.0000e+00  8.3810e+02  9.9946e+02  7.8181e-05  5.4809e-04 
 5.5000e-01  2.5500e+07  3.2300e+02  9.9950e+02  0.0000e+00  1.0000e+00  8.3890e+02  9.9950e+02  7.8336e-05  5.4809e-04 
 5.6000e-01  2.5600e+07  3.2300e+02  9.9955e+02  0.0000e+00  1.0000e+00  8.3970e+02  9.9955e+02  7.8490e-05  5.4809e-04 
 5.7000e-01  2.5700e+07  3.2300e+02  9.9959e+02  0.0000e+00  1.0000e+00  8.4050e+02  9.9959e+02  7.8645e-05  5.4809e-04 
 5.8000e-01  2.5800e+07  3.2300e+02  9.9964e+02  0.0000e+00  1.0000e+00  8.4130e+02  9.9964e+02  7.8799e-05  5.4809e-04 
 5.9000e-01  2.5900e+07  3.2300e+02  9.9968e+02  0.0000e+00  1.0000e+00  8.4210e+02  9.9968e+02  7.8954e-05  5.4809e-04 
 6.0000e-01  2.6000e+07  3.2300e+02  9.9973e+02  0.0000e+00  1.0000e+00  8.4290e+02  9.9973e+02  7.9109e-05  5.4809e-04 
 6.1000e-01  2.6100e+07  3.2300e+02  9.9977e+02  0.0000e+00  1.0000e+00  8.4369e+02  9.9977e+02  7.9263e-05  5.4809e-04 
 6.2000e-01  2.6200e+07  3.2300e+02  9.9982e+02  0.0000e+00  1.0000e+00  8.4445e+02  9.9982e+02  7.9413e-05  5.4809e-04 
 6.3000e-01  2.6300e+07  3.2300e+02  9.9986e+02  0.0000e+00  1.0000e+00  8.4520e+02  9.9986e+02  7.9563e-05  5.4809e-04 
 6.4000e-01  2.6400e+07  3.2300e+02  9.9991e+02  0.0000e+00  1.0000e+00  8.4596e+02  9.9991e+02  7.9712e-05  5.4809e-04 
 6.5000e-01  2.6500e+07  3.2300e+02  9.9995e+02  0.0000e+00  1.0000e+00  8.4671e+02  9.9995e+02  7.9862e-05  5.4809e-04 
 6.6000e-01  2.6600e+07  3.2300e+02  1.0000e+03  0.0000e+00  1.0000e+00  8.4746e+02  1.0000e+03  8.0012e-05  5.4809e-04 
 6.7000e-01  2.6700e+07  3.2300e+02  1.0000e+03  0.0000e+00  1.0000e+00  8.4822e+02  1.0000e+03  8.0162e-05  5.4809e-04 
 6.8000e-01  2.6800e+07  3.2300e+02  1.0001e+03  0.0000e+00  1.0000e+00  8.4897e+02  1.0001e+03  8.0312e-05  5.4809e-04 
 6.9000e-01  2.6900e+07  3.2300e+02  1.0001e+03  0.0000e+00  1.0000e+00  8.4973e+02  1.0001e+03  8.0461e-05  5.4809e-04 
 7.0000e-01  2.7000e+07  3.2300e+02  1.0002e+03  0.0000e+00  1.0000e+00  8.5048e+02  1.0002e+03  8.0611e-05  5.4809e-04 
 7.1000e-01  2.7100e+07  3.2300e+02  1.0002e+03  0.0000e+00  1.0000e+00  8.5123e+02  1.0002e+03  8.0761e-05  5.4809e-04 
 7.2000e-01  2.7200e+07  3.2300e+02  1.0003e+03  0.0000e+00  1.0000e+00  8.5195e+02  1.0003e+03  8.0907e-05  5.4809e-04 
 7.3000e-01  2.7300e+07  3.2300e+02  1.0003e+03  0.0000e+00  1.0000e+00  8.5266e+02  1.0003e+03  8.1052e-05  5.4809e-04 
 7.4000e-01  2.7400e+07  3.2300e+02  1.0004e+03  0.0000e+00  1.0000e+00  8.5338e+02  1.0004e+03  8.1198e-05  5.4809e-04 
 7.5000e-01  2.7500e+07  3.2300e+02  1.0004e+03  0.0000e+00  1.0000e+00  8.5409e+02  1.0004e+03  8.1343e-05  5.4809e-04 
 7.6000e-01  2.7600e+07  3.2300e+02  1.0004e+03  0.0000e+00  1.0000e+00  8.5481e+02  1.0004e+03  8.1489e-05  5.4809e-04 
 7.7000e-01  2.7700e+07  3.2300e+02  1.0005e+03  0.0000e+00  1.0000e+00  8.5552e+02  1.0005e+03  8.1634e-05  5.4809e-04 
 7.8000e-01  2.7800e+07  3.2300e+02  1.0005e+03  0.0000e+00  1.0000e+00  8.5624e+02  1.0005e+03  8.1780e-05  5.4809e-04 
 7.9000e-01  2.7900e+07  3.2300e+02  1.0006e+03  0.0000e+00  1.0000e+00  8.5695e+02  1.0006e+03  8.1926e-05  5.4809e-04 
 8.0000e-01  2.8000e+07  3.2300e+02  1.0006e+03  0.0000e+00  1.0000e+00  8.5767e+02  1.0006e+03  8.2071e-05  5.4809e-04 
 8.1000e-01  2.8100e+07  3.2300e+02  1.0007e+03  0.0000e+00  1.0000e+00  8.5838e+02  1.0007e+03  8.2217e-05  5.4809e-04 
 8.2000e-01  2.8200e+07  3.2300e+02  1.0007e+03  0.0000e+00  1.0000e+00  8.5906e+02  1.0007e+03  8.2359e-05  5.4809e-04 
 8.3000e-01  2.8300e+07  3.2300e+02  1.0008e+03  0.0000e+00  1.0000e+00  8.5974e+02  1.0008e+03  8.2500e-05  5.4809e-04 
 8.4000e-01  2.8400e+07  3.2300e+02  1.0008e+03  0.0000e+00  1.0000e+00  8.6042e+02  1.0008e+03  8.2642e-05  5.4809e-04 
 8.5000e-01  2.8500e+07  3.2300e+02  1.0009e+03  0.0000e+00  1.0000e+00  8.6110e+02  1.0009e+03  8.2784e-05  5.4809e-04 
 8.6000e-01  2.8600e+07  3.2300e+02  1.0009e+03  0.0000e+00  1.0000e+00  8.6178e+02  1.0009e+03  8.2926e-05  5.4809e-04 
 8.7000e-01  2.8700e+07  3.2300e+02  1.0009e+03  0.0000e+00  1.0000e+00  8.6246e+02  1.0009e+03  8.3068e-05  5.4809e-04 
 8.8000e-01  2.8800e+07  3.2300e+02  1.0010e+03  0.0000e+00  1.0000e+00  8.6314e+02  1.0010e+03  8.3210e-05  5.4809e-04 
 8.9000e-01  2.8900e+07  3.2300e+02  1.0010e+03  0.0000e+00  1.0000e+00  8.6382e+02  1.0010e+03  8.3351e-05  5.4809e-04 
 9.0000e-01  2.9000e+07  3.2300e+02  1.0011e+03  0.0000e+00  1.0000e+00  8.6450e+02  1.0011e+03  8.3493e-05  5.4809e-04 
 9.1000e-01  2.9100e+07  3.2300e+02  1.0011e+03  0.0000e+00  1.0000e+00  8.6518e+02  1.0011e+03  8.3635e-05  5.4809e-04 
 9.2000e-01  2.9200e+07  3.2300e+02  1.0012e+03  0.0000e+00  1.0000e+00  8.6583e+02  1.0012e+03  8.3774e-05  5.4809e-04 
 9.3000e-01  2.9300e+07  3.2300e+02  1.0012e+03  0.0000e+00  1.0000e+00  8.6648e+02  1.0012e+03  8.3912e-05  5.4809e-04 
 9.4000e-01  2.9400e+07  3.2300e+02  1.0013e+03  0.0000e+00  1.0000e+00  8.6712e+02  1.0013e+03  8.4050e-05  5.4809e-04 
 9.5000e-01  2.9500e+07  3.2300e+02  1.0013e+03  0.0000e+00  1.0000e+00  8.6777e+02  1.0013e+03  8.4189e-05  5.4809e-04 
 9.6000e-01  2.9600e+07  3.2300e+02  1.0013e+03  0.0000e+00  1.0000e+00  8.6842e+02  1.0013e+03  8.4327e-05  5.4809e-04 
 9.7000e-01  2.9700e+07  3.2300e+02  1.0014e+03  0.0000e+00  1.0000e+00  8.6907e+02  1.0014e+03  8.4466e-05  5.4809e-04 
 9.8000e-01  2.9800e+07  3.2300e+02  1.0014e+03  0.0000e+00  1.0000e+00  8.6972e+02  1.0014e+03  8.4604e-05  5.4809e-04 
 9.9000e-01  2.9900e+07  3.2300e+02  1.0015e+03  0.0000e+00  1.0000e+00  8.7037e+02  1.0015e+03  8.4743e-05  5.4809e-04 
 1.0000e+00  3.0000e+07  3.2300e+02  1.0015e+03  0.0000e+00  1.0000e+00  8.7101e+02  1.0015e+03  8.4881e-05  5.4809e-04 
